<?xml version="1.0" encoding="UTF-8"?>
<kml xmlns="http://www.opengis.net/kml/2.2">
  <Document>
    <name>Cow Car Water</name>
    <Style id="icon-1899-DB4436-nodesc-normal">
      <IconStyle>
        <color>ff3644db</color>
        <scale>1</scale>
        <Icon>
          <href>https://www.gstatic.com/mapspro/images/stock/503-wht-blank_maps.png</href>
        </Icon>
        <hotSpot x="32" xunits="pixels" y="64" yunits="insetPixels"/>
      </IconStyle>
      <LabelStyle>
        <scale>0</scale>
      </LabelStyle>
      <BalloonStyle>
        <text><![CDATA[<h3>$[name]</h3>]]></text>
      </BalloonStyle>
    </Style>
    <Style id="icon-1899-DB4436-nodesc-highlight">
      <IconStyle>
        <color>ff3644db</color>
        <scale>1</scale>
        <Icon>
          <href>https://www.gstatic.com/mapspro/images/stock/503-wht-blank_maps.png</href>
        </Icon>
        <hotSpot x="32" xunits="pixels" y="64" yunits="insetPixels"/>
      </IconStyle>
      <LabelStyle>
        <scale>1</scale>
      </LabelStyle>
      <BalloonStyle>
        <text><![CDATA[<h3>$[name]</h3>]]></text>
      </BalloonStyle>
    </Style>
    <StyleMap id="icon-1899-DB4436-nodesc">
      <Pair>
        <key>normal</key>
        <styleUrl>#icon-1899-DB4436-nodesc-normal</styleUrl>
      </Pair>
      <Pair>
        <key>highlight</key>
        <styleUrl>#icon-1899-DB4436-nodesc-highlight</styleUrl>
      </Pair>
    </StyleMap>
    <Style id="line-1267FF-5000-nodesc-normal">
      <LineStyle>
        <color>ffff6712</color>
        <width>5</width>
      </LineStyle>
      <BalloonStyle>
        <text><![CDATA[<h3>$[name]</h3>]]></text>
      </BalloonStyle>
    </Style>
    <Style id="line-1267FF-5000-nodesc-highlight">
      <LineStyle>
        <color>ffff6712</color>
        <width>7.5</width>
      </LineStyle>
      <BalloonStyle>
        <text><![CDATA[<h3>$[name]</h3>]]></text>
      </BalloonStyle>
    </Style>
    <StyleMap id="line-1267FF-5000-nodesc">
      <Pair>
        <key>normal</key>
        <styleUrl>#line-1267FF-5000-nodesc-normal</styleUrl>
      </Pair>
      <Pair>
        <key>highlight</key>
        <styleUrl>#line-1267FF-5000-nodesc-highlight</styleUrl>
      </Pair>
    </StyleMap>
    <Placemark>
      <name>Cow Car Water</name>
      <styleUrl>#line-1267FF-5000-nodesc</styleUrl>
      <LineString>
        <tessellate>1</tessellate>
        <coordinates>
          103.84378,1.28505,0
          103.8437,1.28498,0
          103.84368,1.28499,0
          103.84367,1.285,0
          103.84357,1.28509,0
          103.84344,1.2852,0
          103.84337,1.28526,0
          103.84323,1.28538,0
          103.84312,1.28548,0
          103.84305,1.28553,0
          103.84298,1.28559,0
          103.84297,1.2856,0
          103.84291,1.28564,0
          103.8429,1.28565,0
          103.84284,1.28573,0
          103.84276,1.28578,0
          103.8426,1.28594,0
          103.84258,1.28596,0
          103.84252,1.28603,0
          103.84248,1.28609,0
          103.84246,1.28612,0
          103.84236,1.28623,0
          103.84235,1.28625,0
          103.84229,1.28639,0
          103.84227,1.28647,0
          103.84225,1.28662,0
          103.84225,1.28673,0
          103.84224,1.28679,0
          103.84223,1.28684,0
          103.8422,1.28688,0
          103.84216,1.2869,0
          103.84208,1.28692,0
          103.84199,1.28685,0
          103.84185,1.28676,0
          103.84178,1.28671,0
          103.84171,1.28667,0
          103.84167,1.28665,0
          103.84161,1.28662,0
          103.84153,1.28659,0
          103.84142,1.28655,0
          103.84128,1.28652,0
          103.84114,1.2865,0
          103.84105,1.28651,0
          103.84097,1.28651,0
          103.84089,1.2866,0
          103.84085,1.28662,0
          103.84081,1.28663,0
          103.84064,1.28668,0
          103.84061,1.28669,0
          103.84055,1.28671,0
          103.84052,1.28672,0
          103.84051,1.28671,0
          103.8405,1.28671,0
          103.84049,1.2867,0
          103.84045,1.28665,0
          103.84039,1.28657,0
          103.84033,1.2865,0
          103.84026,1.28643,0
          103.84023,1.28641,0
          103.8402,1.28638,0
          103.8402,1.28637,0
          103.84019,1.28636,0
          103.84019,1.28633,0
          103.84019,1.28629,0
          103.84022,1.28628,0
          103.84026,1.28623,0
          103.84032,1.28616,0
          103.8403,1.28613,0
          103.84029,1.28609,0
          103.84027,1.28605,0
          103.84024,1.28602,0
          103.84022,1.28599,0
          103.84021,1.28597,0
          103.84016,1.28591,0
          103.84011,1.28586,0
          103.84005,1.2858,0
          103.84003,1.28579,0
          103.83997,1.28574,0
          103.83991,1.28569,0
          103.83983,1.28563,0
          103.83975,1.28557,0
          103.83985,1.28538,0
          103.8397,1.2853,0
          103.83952,1.28522,0
          103.83932,1.28512,0
          103.8392,1.28507,0
          103.83919,1.28507,0
          103.83905,1.285,0
          103.83904,1.285,0
          103.83896,1.28496,0
          103.83891,1.28494,0
          103.8389,1.28493,0
          103.83889,1.28492,0
          103.83889,1.2849,0
          103.83888,1.28485,0
          103.83888,1.28482,0
          103.83889,1.28474,0
          103.83894,1.2847,0
          103.83901,1.2846,0
          103.83909,1.2845,0
          103.83923,1.28429,0
          103.83928,1.28421,0
          103.83931,1.28415,0
          103.8394,1.28393,0
          103.83944,1.28373,0
          103.83947,1.2837,0
          103.83949,1.28367,0
          103.83959,1.28353,0
          103.83962,1.2835,0
          103.83958,1.28349,0
          103.83955,1.28346,0
          103.83954,1.28345,0
          103.83953,1.28344,0
          103.83952,1.28341,0
          103.83952,1.28338,0
          103.83952,1.28336,0
          103.83953,1.28334,0
          103.83954,1.28333,0
          103.83955,1.28332,0
          103.83956,1.28331,0
          103.83957,1.28329,0
          103.83957,1.28327,0
          103.83956,1.28324,0
          103.83955,1.28322,0
          103.83954,1.2832,0
          103.83952,1.28318,0
          103.83949,1.28316,0
          103.83947,1.28315,0
          103.83945,1.28312,0
          103.83943,1.28311,0
          103.83941,1.28311,0
          103.8394,1.28311,0
          103.83937,1.28311,0
          103.83934,1.28312,0
          103.83933,1.28308,0
          103.83932,1.28303,0
          103.83928,1.28296,0
          103.83924,1.28288,0
          103.8392,1.28282,0
          103.83916,1.28278,0
          103.83911,1.28274,0
          103.83907,1.28272,0
          103.83904,1.2826,0
          103.83901,1.28255,0
          103.83894,1.28248,0
          103.83893,1.28248,0
          103.83891,1.28246,0
          103.83864,1.28228,0
          103.8386,1.28225,0
          103.83857,1.28221,0
          103.83849,1.28208,0
          103.8384,1.28195,0
          103.83837,1.28188,0
          103.83856,1.28175,0
          103.83872,1.28163,0
          103.83884,1.28153,0
          103.83893,1.28139,0
          103.83901,1.28132,0
          103.83899,1.28131,0
          103.83893,1.28123,0
          103.83892,1.28124,0
          103.8389,1.28125,0
          103.83888,1.28128,0
          103.83886,1.2813,0
          103.83885,1.2813,0
          103.83884,1.2813,0
          103.83884,1.28129,0
          103.83883,1.28129,0
          103.83883,1.28128,0
          103.83882,1.28127,0
          103.83882,1.28126,0
          103.83882,1.28125,0
          103.8388,1.28123,0
          103.83878,1.2812,0
          103.83876,1.28118,0
          103.83868,1.28112,0
          103.83865,1.2811,0
          103.83857,1.28122,0
          103.83854,1.28125,0
          103.83851,1.28127,0
          103.83843,1.28137,0
          103.83839,1.28131,0
          103.83832,1.28118,0
          103.83828,1.28112,0
          103.83813,1.28089,0
          103.83809,1.28084,0
          103.83788,1.2806,0
          103.83773,1.28052,0
          103.83767,1.28037,0
          103.83732,1.27974,0
          103.83738,1.27961,0
          103.83742,1.27954,0
          103.83732,1.27939,0
          103.83723,1.27927,0
          103.83716,1.27932,0
          103.83708,1.27936,0
          103.83686,1.27949,0
          103.83674,1.27956,0
          103.83659,1.27966,0
          103.83646,1.27974,0
          103.83646,1.27975,0
          103.83641,1.27979,0
          103.8364,1.27977,0
          103.83639,1.27978,0
          103.83627,1.27961,0
          103.83626,1.27961,0
          103.83625,1.27961,0
          103.83624,1.27961,0
          103.83616,1.27967,0
          103.83613,1.27961,0
          103.83611,1.27958,0
          103.83598,1.27966,0
          103.83583,1.27974,0
          103.83559,1.27989,0
          103.83556,1.27991,0
          103.83572,1.28019,0
          103.83591,1.28049,0
          103.83605,1.28041,0
          103.83622,1.28032,0
          103.83632,1.28024,0
          103.83632,1.28021,0
          103.83633,1.28019,0
          103.83632,1.28016,0
          103.83626,1.28005,0
          103.83639,1.27996,0
          103.83649,1.27992,0
          103.83641,1.27979,0
          103.83646,1.27975,0
          103.83646,1.27974,0
          103.83659,1.27966,0
          103.83674,1.27956,0
          103.83686,1.27949,0
          103.83708,1.27936,0
          103.83716,1.27932,0
          103.83723,1.27927,0
          103.83732,1.27939,0
          103.83742,1.27954,0
          103.83751,1.27945,0
          103.83782,1.27915,0
          103.83793,1.27907,0
          103.83797,1.27905,0
          103.83802,1.27903,0
          103.8381,1.27903,0
          103.83819,1.27903,0
          103.83822,1.27904,0
          103.83824,1.279,0
          103.83826,1.27897,0
          103.83831,1.27891,0
          103.83834,1.27887,0
          103.83838,1.27883,0
          103.83825,1.27874,0
          103.83819,1.27866,0
          103.83793,1.27848,0
          103.83783,1.27841,0
          103.83774,1.27836,0
          103.83769,1.27833,0
          103.83761,1.27827,0
          103.83741,1.27815,0
          103.83733,1.27807,0
          103.8371,1.27792,0
          103.83703,1.27789,0
          103.83698,1.27784,0
          103.83691,1.27779,0
          103.83688,1.27777,0
          103.83689,1.27782,0
          103.83676,1.27773,0
          103.83668,1.27767,0
          103.83671,1.27767,0
          103.83659,1.27756,0
          103.83657,1.27757,0
          103.83656,1.27758,0
          103.83651,1.27753,0
          103.83654,1.27751,0
          103.83651,1.27748,0
          103.83676,1.27732,0
          103.8368,1.27736,0
          103.83684,1.27739,0
          103.83699,1.27732,0
          103.83703,1.27726,0
          103.8371,1.27727,0
          103.83747,1.27731,0
          103.83769,1.27733,0
          103.83806,1.2774,0
          103.83814,1.27742,0
          103.83868,1.27755,0
          103.83904,1.27761,0
          103.83908,1.27762,0
          103.83928,1.27766,0
          103.83963,1.27773,0
          103.83982,1.27777,0
          103.83996,1.27781,0
          103.84019,1.27781,0
          103.8402,1.2779,0
          103.84038,1.27794,0
          103.84039,1.27789,0
          103.84061,1.27799,0
          103.84066,1.27801,0
          103.84067,1.27799,0
          103.84069,1.27793,0
          103.84071,1.27794,0
          103.84078,1.27797,0
          103.84081,1.27798,0
          103.84084,1.27799,0
          103.84104,1.27809,0
          103.84108,1.27812,0
          103.84122,1.27824,0
          103.84134,1.27831,0
          103.84132,1.27836,0
          103.84134,1.27835,0
          103.84137,1.27833,0
          103.84143,1.27826,0
          103.84156,1.27808,0
          103.84157,1.27805,0
          103.84159,1.27803,0
          103.84161,1.27802,0
          103.84162,1.27802,0
          103.84164,1.27803,0
          103.84166,1.27803,0
          103.84167,1.27801,0
          103.84171,1.27794,0
          103.84179,1.27783,0
          103.84186,1.27773,0
          103.84197,1.27754,0
          103.84204,1.27741,0
          103.84206,1.27737,0
          103.84209,1.2773,0
          103.84211,1.27722,0
          103.84215,1.27711,0
          103.84218,1.27702,0
          103.8422,1.27697,0
          103.84225,1.27692,0
          103.84233,1.27683,0
          103.84237,1.2768,0
          103.84239,1.27679,0
          103.84242,1.27683,0
          103.84244,1.27685,0
          103.84248,1.2769,0
          103.84261,1.27704,0
          103.84264,1.27714,0
          103.84264,1.27717,0
          103.84266,1.27728,0
          103.84271,1.27751,0
          103.84278,1.27749,0
          103.84292,1.27746,0
          103.84323,1.2774,0
          103.84332,1.27737,0
          103.84352,1.27734,0
          103.84351,1.2773,0
          103.84371,1.27729,0
          103.84374,1.27728,0
          103.84393,1.27726,0
          103.84393,1.27728,0
          103.84398,1.27727,0
          103.84401,1.27726,0
          103.84409,1.27725,0
          103.84416,1.27724,0
          103.84416,1.27725,0
          103.84426,1.27723,0
          103.84451,1.27719,0
          103.84457,1.27718,0
          103.84476,1.27714,0
          103.84477,1.27718,0
          103.84455,1.27722,0
          103.84464,1.27772,0
          103.84465,1.27777,0
          103.84472,1.2782,0
          103.84476,1.27844,0
          103.84476,1.27849,0
          103.84477,1.27858,0
          103.84483,1.27896,0
          103.84488,1.27927,0
          103.84488,1.27929,0
          103.84492,1.27934,0
          103.8449,1.27936,0
          103.84471,1.27959,0
          103.84487,1.27973,0
          103.84481,1.27979,0
          103.84482,1.2798,0
          103.84477,1.27985,0
          103.84473,1.27989,0
          103.84472,1.27988,0
          103.84469,1.27991,0
          103.84468,1.27992,0
          103.8446,1.2801,0
          103.8444,1.28034,0
          103.84432,1.28041,0
          103.84429,1.28044,0
          103.84427,1.28041,0
          103.84422,1.28044,0
          103.84414,1.28048,0
          103.84413,1.28049,0
          103.84412,1.28048,0
          103.84404,1.28053,0
          103.84393,1.28055,0
          103.84358,1.28034,0
          103.84352,1.28031,0
          103.84351,1.28034,0
          103.84346,1.28044,0
          103.8434,1.28055,0
          103.84338,1.28059,0
          103.84333,1.28067,0
          103.84331,1.2807,0
          103.84318,1.28082,0
          103.84306,1.28068,0
          103.84293,1.28058,0
          103.84288,1.28055,0
          103.84286,1.28054,0
          103.84283,1.28059,0
          103.84281,1.28059,0
          103.84281,1.28058,0
          103.8428,1.28058,0
          103.84279,1.28059,0
          103.84279,1.2806,0
          103.84276,1.28063,0
          103.84269,1.28075,0
          103.84265,1.28081,0
          103.84263,1.28085,0
          103.84258,1.28082,0
          103.8426,1.28078,0
          103.84263,1.28072,0
          103.84271,1.28059,0
          103.84274,1.28055,0
          103.84275,1.28054,0
          103.84277,1.28052,0
          103.8428,1.28052,0
          103.84281,1.28052,0
          103.84284,1.28052,0
          103.84285,1.28053,0
          103.84288,1.28055,0
          103.84293,1.28058,0
          103.84306,1.28068,0
          103.84318,1.28082,0
          103.84331,1.2807,0
          103.84333,1.28067,0
          103.84338,1.28059,0
          103.8434,1.28055,0
          103.84346,1.28044,0
          103.84351,1.28034,0
          103.84352,1.28031,0
          103.84358,1.28034,0
          103.84393,1.28055,0
          103.844,1.2806,0
          103.84416,1.28072,0
          103.8442,1.28076,0
          103.84433,1.2809,0
          103.84437,1.28095,0
          103.84451,1.28111,0
          103.84457,1.28119,0
          103.84462,1.28124,0
          103.84465,1.2813,0
          103.8447,1.2814,0
          103.84449,1.28153,0
          103.84463,1.28179,0
          103.84475,1.282,0
          103.84498,1.28187,0
          103.84492,1.28176,0
          103.8449,1.28174,0
          103.84504,1.28166,0
          103.84508,1.28163,0
          103.84512,1.28161,0
          103.84518,1.28158,0
          103.84528,1.28152,0
          103.84547,1.28146,0
          103.84558,1.28147,0
          103.8456,1.28147,0
          103.84569,1.28144,0
          103.84574,1.28142,0
          103.84578,1.2814,0
          103.84582,1.28138,0
          103.84587,1.28135,0
          103.84594,1.28129,0
          103.84599,1.28126,0
          103.84604,1.28123,0
          103.84612,1.28111,0
          103.84622,1.28097,0
          103.84625,1.28088,0
          103.84627,1.28084,0
          103.84627,1.28083,0
          103.8463,1.28079,0
          103.84632,1.28075,0
          103.84634,1.28071,0
          103.84634,1.28068,0
          103.84635,1.28066,0
          103.84635,1.28064,0
          103.84634,1.28062,0
          103.84634,1.28061,0
          103.84633,1.2806,0
          103.84632,1.28058,0
          103.8463,1.28057,0
          103.84628,1.28056,0
          103.84625,1.28053,0
          103.84623,1.28052,0
          103.8462,1.28049,0
          103.84623,1.28045,0
          103.84629,1.28044,0
          103.8463,1.28043,0
          103.84631,1.28043,0
          103.84632,1.28042,0
          103.84636,1.28049,0
          103.84639,1.28056,0
          103.8464,1.28062,0
          103.8464,1.28063,0
          103.84641,1.28063,0
          103.84641,1.28064,0
          103.84642,1.28065,0
          103.84643,1.28067,0
          103.84644,1.28069,0
          103.84644,1.2807,0
          103.84645,1.28074,0
          103.84647,1.28081,0
          103.84649,1.28084,0
          103.84651,1.28086,0
          103.84653,1.28088,0
          103.84654,1.28089,0
          103.84655,1.2809,0
          103.84656,1.28091,0
          103.84657,1.28092,0
          103.84658,1.28095,0
          103.84659,1.28096,0
          103.8466,1.28102,0
          103.84661,1.28104,0
          103.84663,1.28105,0
          103.84665,1.28107,0
          103.84671,1.28108,0
          103.84674,1.28111,0
          103.84677,1.28114,0
          103.84682,1.28124,0
          103.84687,1.28134,0
          103.84715,1.28117,0
          103.84713,1.28114,0
          103.84711,1.28112,0
          103.84724,1.28104,0
          103.84731,1.281,0
          103.84735,1.28098,0
          103.84737,1.28096,0
          103.84738,1.28095,0
          103.84739,1.28094,0
          103.8474,1.2809,0
          103.84739,1.28089,0
          103.8474,1.28092,0
          103.84739,1.28094,0
          103.84738,1.28095,0
          103.84737,1.28096,0
          103.84735,1.28098,0
          103.84731,1.281,0
          103.84724,1.28104,0
          103.84726,1.28107,0
          103.84727,1.2811,0
          103.8474,1.28131,0
          103.84744,1.28137,0
          103.84747,1.28142,0
          103.84751,1.28142,0
          103.84757,1.28142,0
          103.84763,1.28143,0
          103.84775,1.28134,0
          103.84787,1.28126,0
          103.84785,1.28122,0
          103.84784,1.28122,0
          103.84782,1.28117,0
          103.84774,1.28103,0
          103.84761,1.2808,0
          103.84745,1.28046,0
          103.8472,1.27995,0
          103.84719,1.27994,0
          103.84716,1.27977,0
          103.84709,1.27973,0
          103.84707,1.27971,0
          103.84701,1.27961,0
          103.84698,1.27955,0
          103.84694,1.27945,0
          103.84689,1.2793,0
          103.84681,1.279,0
          103.8468,1.27894,0
          103.84677,1.27871,0
          103.84676,1.2786,0
          103.84675,1.27849,0
          103.84677,1.27834,0
          103.84679,1.27825,0
          103.84683,1.2781,0
          103.84685,1.27807,0
          103.84691,1.27802,0
          103.84699,1.27796,0
          103.84705,1.27793,0
          103.84711,1.2779,0
          103.84716,1.27787,0
          103.84719,1.27767,0
          103.84714,1.27761,0
          103.84712,1.27758,0
          103.84708,1.2775,0
          103.84706,1.27742,0
          103.84706,1.27737,0
          103.84706,1.27721,0
          103.84708,1.27719,0
          103.84728,1.277,0
          103.84738,1.27691,0
          103.8474,1.27688,0
          103.84738,1.27687,0
          103.84741,1.27684,0
          103.84751,1.27672,0
          103.8475,1.2767,0
          103.84757,1.27663,0
          103.84765,1.27655,0
          103.84775,1.27649,0
          103.84777,1.27648,0
          103.84782,1.27645,0
          103.84787,1.27637,0
          103.84814,1.27621,0
          103.84815,1.27622,0
          103.84834,1.2761,0
          103.84835,1.27612,0
          103.84881,1.27581,0
          103.84894,1.27575,0
          103.84908,1.27566,0
          103.8492,1.27559,0
          103.84955,1.27536,0
          103.84954,1.27534,0
          103.84959,1.27531,0
          103.84967,1.27525,0
          103.8497,1.27524,0
          103.84972,1.27527,0
          103.84981,1.2754,0
          103.85003,1.27576,0
          103.85014,1.27593,0
          103.85014,1.27596,0
          103.85015,1.27599,0
          103.85014,1.27603,0
          103.8501,1.27607,0
          103.85008,1.2761,0
          103.85005,1.27612,0
          103.84999,1.27616,0
          103.84992,1.2762,0
          103.84964,1.27639,0
          103.84958,1.27643,0
          103.84943,1.27653,0
          103.84923,1.27665,0
          103.84928,1.27673,0
          103.84932,1.27681,0
          103.84946,1.27702,0
          103.84957,1.27722,0
          103.84962,1.2773,0
          103.84966,1.27736,0
          103.84977,1.27756,0
          103.84985,1.2777,0
          103.85003,1.27798,0
          103.85007,1.27804,0
          103.85066,1.27766,0
        </coordinates>
      </LineString>
    </Placemark>
    <Placemark>
      <name>Upper Cross Street, Chinatown MRT Station (DT19), Singapore</name>
      <styleUrl>#icon-1899-DB4436-nodesc</styleUrl>
      <Point>
        <coordinates>
          103.8437831,1.2850543,0
        </coordinates>
      </Point>
    </Placemark>
    <Placemark>
      <name>Park Street, Shenton Way MRT Station (TE19), Singapore</name>
      <styleUrl>#icon-1899-DB4436-nodesc</styleUrl>
      <Point>
        <coordinates>
          103.8507022,1.2777252,0
        </coordinates>
      </Point>
    </Placemark>
  </Document>
</kml>
