<?xml version="1.0" encoding="UTF-8"?>
<kml xmlns="http://www.opengis.net/kml/2.2">
  <Document>
    <name>Faber Castell</name>
    <Style id="icon-1899-DB4436-nodesc-normal">
      <IconStyle>
        <color>ff3644db</color>
        <scale>1</scale>
        <Icon>
          <href>https://www.gstatic.com/mapspro/images/stock/503-wht-blank_maps.png</href>
        </Icon>
        <hotSpot x="32" xunits="pixels" y="64" yunits="insetPixels"/>
      </IconStyle>
      <LabelStyle>
        <scale>0</scale>
      </LabelStyle>
      <BalloonStyle>
        <text><![CDATA[<h3>$[name]</h3>]]></text>
      </BalloonStyle>
    </Style>
    <Style id="icon-1899-DB4436-nodesc-highlight">
      <IconStyle>
        <color>ff3644db</color>
        <scale>1</scale>
        <Icon>
          <href>https://www.gstatic.com/mapspro/images/stock/503-wht-blank_maps.png</href>
        </Icon>
        <hotSpot x="32" xunits="pixels" y="64" yunits="insetPixels"/>
      </IconStyle>
      <LabelStyle>
        <scale>1</scale>
      </LabelStyle>
      <BalloonStyle>
        <text><![CDATA[<h3>$[name]</h3>]]></text>
      </BalloonStyle>
    </Style>
    <StyleMap id="icon-1899-DB4436-nodesc">
      <Pair>
        <key>normal</key>
        <styleUrl>#icon-1899-DB4436-nodesc-normal</styleUrl>
      </Pair>
      <Pair>
        <key>highlight</key>
        <styleUrl>#icon-1899-DB4436-nodesc-highlight</styleUrl>
      </Pair>
    </StyleMap>
    <Style id="line-1267FF-5000-nodesc-normal">
      <LineStyle>
        <color>ffff6712</color>
        <width>5</width>
      </LineStyle>
      <BalloonStyle>
        <text><![CDATA[<h3>$[name]</h3>]]></text>
      </BalloonStyle>
    </Style>
    <Style id="line-1267FF-5000-nodesc-highlight">
      <LineStyle>
        <color>ffff6712</color>
        <width>7.5</width>
      </LineStyle>
      <BalloonStyle>
        <text><![CDATA[<h3>$[name]</h3>]]></text>
      </BalloonStyle>
    </Style>
    <StyleMap id="line-1267FF-5000-nodesc">
      <Pair>
        <key>normal</key>
        <styleUrl>#line-1267FF-5000-nodesc-normal</styleUrl>
      </Pair>
      <Pair>
        <key>highlight</key>
        <styleUrl>#line-1267FF-5000-nodesc-highlight</styleUrl>
      </Pair>
    </StyleMap>
    <Placemark>
      <name>Faber Castell</name>
      <styleUrl>#line-1267FF-5000-nodesc</styleUrl>
      <LineString>
        <tessellate>1</tessellate>
        <coordinates>
          103.78427,1.29369,0
          103.78441,1.29368,0
          103.78444,1.29369,0
          103.78448,1.29372,0
          103.78449,1.29375,0
          103.78452,1.29405,0
          103.78477,1.29415,0
          103.78479,1.29415,0
          103.78485,1.29412,0
          103.78485,1.29399,0
          103.78493,1.2935,0
          103.78499,1.29332,0
          103.78499,1.29321,0
          103.78451,1.29269,0
          103.78444,1.29259,0
          103.78416,1.29231,0
          103.78411,1.29219,0
          103.78401,1.29221,0
          103.78418,1.29204,0
          103.78419,1.29204,0
          103.78545,1.29084,0
          103.78561,1.29075,0
          103.78577,1.29069,0
          103.7859,1.29068,0
          103.78596,1.29065,0
          103.78611,1.29064,0
          103.78674,1.29071,0
          103.78692,1.29076,0
          103.78741,1.29082,0
          103.78747,1.29084,0
          103.78759,1.2908,0
          103.78777,1.2908,0
          103.78796,1.29076,0
          103.78823,1.29067,0
          103.78892,1.29025,0
          103.78898,1.29023,0
          103.78939,1.28998,0
          103.78944,1.28993,0
          103.78945,1.28991,0
          103.7895,1.28987,0
          103.78965,1.2897,0
          103.78975,1.28949,0
          103.7898,1.28927,0
          103.78981,1.28905,0
          103.78977,1.28862,0
          103.78979,1.28853,0
          103.78978,1.28806,0
          103.78982,1.28792,0
          103.78981,1.28782,0
          103.78986,1.28776,0
          103.78992,1.28764,0
          103.78994,1.28762,0
          103.78995,1.28759,0
          103.79011,1.28734,0
          103.7902,1.28726,0
          103.79031,1.2872,0
          103.7903,1.28719,0
          103.79033,1.28717,0
          103.79042,1.28706,0
          103.79042,1.28703,0
          103.79043,1.28702,0
          103.79044,1.28699,0
          103.79044,1.28692,0
          103.79045,1.28689,0
          103.79048,1.28685,0
          103.79048,1.28684,0
          103.79047,1.28683,0
          103.79046,1.28683,0
          103.79044,1.28681,0
          103.79044,1.2868,0
          103.79043,1.2868,0
          103.79042,1.28679,0
          103.79026,1.28673,0
          103.7901,1.28671,0
          103.78993,1.28665,0
          103.78982,1.28665,0
          103.78977,1.28667,0
          103.78955,1.28661,0
          103.78952,1.28661,0
          103.78899,1.28648,0
          103.78888,1.28652,0
          103.78863,1.28665,0
          103.78833,1.28689,0
          103.78825,1.28692,0
          103.78817,1.28693,0
          103.78815,1.28684,0
          103.78818,1.28677,0
          103.7883,1.28659,0
          103.78847,1.28626,0
          103.78853,1.28621,0
          103.78868,1.28612,0
          103.78877,1.28603,0
          103.78897,1.28564,0
          103.78903,1.28571,0
          103.7892,1.2857,0
          103.78926,1.28566,0
          103.78939,1.28549,0
          103.78964,1.28504,0
          103.79045,1.28402,0
          103.79065,1.28386,0
          103.79084,1.28375,0
          103.79092,1.28372,0
          103.79107,1.28363,0
          103.7911,1.28362,0
          103.79116,1.28355,0
          103.79119,1.28348,0
          103.79122,1.28347,0
          103.79137,1.28339,0
          103.79142,1.28335,0
          103.79145,1.2833,0
          103.79145,1.28327,0
          103.79146,1.28324,0
          103.79146,1.28321,0
          103.79147,1.2832,0
          103.79148,1.28317,0
          103.79157,1.28307,0
          103.79158,1.28307,0
          103.79184,1.2828,0
          103.79211,1.28245,0
          103.79232,1.28207,0
          103.79232,1.28205,0
          103.79234,1.28203,0
          103.79235,1.28201,0
          103.79237,1.28199,0
          103.79238,1.28197,0
          103.79241,1.28194,0
          103.79242,1.28192,0
          103.79249,1.28184,0
          103.79281,1.2816,0
          103.79283,1.28157,0
          103.79286,1.28155,0
          103.7929,1.2815,0
          103.79299,1.28121,0
          103.79299,1.28119,0
          103.79302,1.2811,0
          103.79309,1.28102,0
          103.79323,1.28091,0
          103.79349,1.28065,0
          103.79352,1.28063,0
          103.79374,1.28056,0
          103.79383,1.28051,0
          103.79386,1.28048,0
          103.79394,1.28048,0
          103.79395,1.28047,0
          103.79399,1.28046,0
          103.79413,1.28036,0
          103.79417,1.28036,0
          103.79417,1.28037,0
          103.79418,1.28038,0
          103.79418,1.28039,0
          103.79417,1.2804,0
          103.79417,1.28041,0
          103.79412,1.28046,0
          103.79401,1.28053,0
          103.79401,1.28054,0
          103.794,1.28054,0
          103.794,1.28056,0
          103.79401,1.28056,0
          103.79401,1.28057,0
          103.79405,1.28057,0
          103.79409,1.28053,0
          103.7942,1.28047,0
          103.79423,1.28044,0
          103.79428,1.28042,0
          103.79442,1.2803,0
          103.79443,1.2803,0
          103.79444,1.28029,0
          103.79445,1.28029,0
          103.79445,1.2803,0
          103.79446,1.2803,0
          103.79447,1.28031,0
          103.79447,1.28035,0
          103.79444,1.2804,0
          103.79441,1.28043,0
          103.79441,1.28044,0
          103.7944,1.28044,0
          103.7944,1.28048,0
          103.79441,1.28048,0
          103.79441,1.28049,0
          103.79445,1.28049,0
          103.79451,1.28039,0
          103.79451,1.28036,0
          103.79452,1.28035,0
          103.79453,1.28035,0
          103.79453,1.28034,0
          103.79454,1.28034,0
          103.79455,1.28033,0
          103.79456,1.28033,0
          103.79456,1.28034,0
          103.79457,1.28034,0
          103.79457,1.28035,0
          103.79458,1.28035,0
          103.79458,1.28038,0
          103.79454,1.28046,0
          103.79453,1.28046,0
          103.79453,1.28049,0
          103.79452,1.2805,0
          103.79452,1.28051,0
          103.79453,1.28051,0
          103.79453,1.28054,0
          103.79455,1.28054,0
          103.79455,1.28055,0
          103.79458,1.28055,0
          103.79458,1.28054,0
          103.79459,1.28054,0
          103.79459,1.28053,0
          103.7946,1.28053,0
          103.79465,1.28044,0
          103.79467,1.28042,0
          103.7947,1.28042,0
          103.79471,1.28043,0
          103.79471,1.28044,0
          103.79472,1.28045,0
          103.79472,1.28046,0
          103.79471,1.28047,0
          103.79467,1.28056,0
          103.79467,1.28062,0
          103.79473,1.28066,0
          103.79487,1.28036,0
          103.795,1.28021,0
          103.795,1.2802,0
          103.79501,1.28018,0
          103.79568,1.27958,0
          103.79592,1.27943,0
          103.79609,1.27949,0
          103.79622,1.27956,0
          103.7963,1.27963,0
          103.79633,1.27961,0
          103.7964,1.2796,0
          103.7968,1.27943,0
          103.79682,1.27938,0
          103.79799,1.27894,0
          103.79802,1.27894,0
          103.79805,1.27895,0
          103.79808,1.27898,0
          103.79811,1.27907,0
          103.79817,1.27905,0
          103.79914,1.27905,0
          103.79917,1.27908,0
          103.79975,1.27887,0
          103.79984,1.27889,0
          103.80004,1.27889,0
          103.80003,1.27878,0
          103.80137,1.2783,0
          103.80156,1.27878,0
          103.80156,1.2788,0
          103.80161,1.27887,0
          103.80163,1.27888,0
          103.80165,1.2789,0
          103.80166,1.27894,0
          103.80167,1.27894,0
          103.80167,1.27895,0
          103.80169,1.27896,0
          103.80171,1.27898,0
          103.80173,1.27898,0
          103.80175,1.27899,0
          103.80199,1.27902,0
          103.802,1.27903,0
          103.80201,1.27903,0
          103.80202,1.27904,0
          103.80202,1.27905,0
          103.80206,1.2791,0
          103.80221,1.27918,0
          103.80233,1.2795,0
          103.80234,1.27976,0
          103.80224,1.27976,0
          103.80222,1.28013,0
          103.80226,1.28013,0
          103.80238,1.2801,0
          103.80238,1.28011,0
          103.8023,1.28024,0
          103.8023,1.2803,0
          103.80232,1.2803,0
          103.80245,1.2802,0
          103.80262,1.2801,0
          103.80273,1.28006,0
          103.80294,1.28002,0
          103.80308,1.28002,0
          103.80312,1.28,0
          103.80315,1.27995,0
          103.80317,1.27994,0
          103.80317,1.27993,0
          103.80318,1.27993,0
          103.80318,1.27992,0
          103.80339,1.28004,0
          103.8034,1.28004,0
          103.8034,1.28005,0
          103.80341,1.28005,0
          103.80348,1.27997,0
          103.80376,1.28001,0
          103.80379,1.28003,0
          103.80379,1.28004,0
          103.80382,1.28009,0
          103.80382,1.28011,0
          103.80384,1.28013,0
          103.8045,1.28025,0
          103.8047,1.28024,0
          103.80472,1.28023,0
          103.80473,1.28021,0
          103.80504,1.27986,0
          103.80515,1.27979,0
          103.80516,1.27979,0
          103.80521,1.27976,0
          103.80587,1.27961,0
          103.80597,1.2796,0
          103.80598,1.27961,0
          103.80609,1.27962,0
          103.8064,1.27957,0
          103.80642,1.27949,0
          103.80643,1.27948,0
          103.80644,1.27948,0
          103.80644,1.27947,0
          103.80658,1.27945,0
          103.80658,1.27944,0
          103.80659,1.27943,0
          103.80662,1.27934,0
          103.80662,1.27932,0
          103.80664,1.2793,0
          103.80664,1.27929,0
          103.80665,1.27929,0
          103.80666,1.27928,0
          103.80708,1.27922,0
          103.80709,1.27921,0
          103.80712,1.27921,0
          103.80717,1.27923,0
          103.8073,1.27921,0
          103.80731,1.2792,0
          103.80734,1.27922,0
          103.80775,1.27916,0
          103.80777,1.27909,0
          103.80782,1.27905,0
          103.80785,1.27881,0
          103.80786,1.2788,0
          103.80786,1.27876,0
          103.80788,1.27875,0
          103.8079,1.27873,0
          103.80792,1.27872,0
          103.80793,1.2787,0
          103.80793,1.27869,0
          103.80796,1.27864,0
          103.80801,1.27861,0
          103.80803,1.27861,0
          103.80806,1.27862,0
          103.80806,1.27866,0
          103.80808,1.27871,0
          103.80808,1.27874,0
          103.80809,1.27875,0
          103.8082,1.27875,0
          103.80831,1.27872,0
          103.80834,1.27872,0
          103.80855,1.27879,0
          103.80873,1.2788,0
          103.80876,1.27881,0
          103.80889,1.27881,0
          103.80903,1.27879,0
          103.80906,1.2788,0
          103.80908,1.2788,0
          103.80908,1.27881,0
          103.80909,1.27881,0
          103.8091,1.27882,0
          103.8091,1.27884,0
          103.80912,1.27886,0
          103.80921,1.27886,0
          103.80924,1.27884,0
          103.80926,1.27884,0
          103.80926,1.27885,0
          103.80927,1.27886,0
          103.80927,1.27889,0
          103.80929,1.27891,0
          103.80935,1.27891,0
          103.80935,1.27892,0
          103.80936,1.27892,0
          103.80936,1.27893,0
          103.80937,1.27895,0
          103.80939,1.27905,0
          103.8094,1.27907,0
          103.80943,1.2791,0
          103.80943,1.27911,0
          103.80944,1.27912,0
          103.80947,1.27912,0
          103.8095,1.27907,0
          103.80949,1.27904,0
          103.80952,1.27904,0
          103.80953,1.27903,0
          103.80955,1.27903,0
          103.80955,1.27902,0
          103.80956,1.27901,0
          103.80956,1.279,0
          103.80957,1.279,0
          103.80958,1.27899,0
          103.8096,1.27899,0
          103.80963,1.27885,0
          103.80967,1.27875,0
          103.8097,1.27871,0
          103.80976,1.27867,0
          103.80982,1.27865,0
          103.81006,1.27866,0
          103.81008,1.27867,0
          103.81014,1.27865,0
          103.81022,1.2786,0
          103.81045,1.27841,0
          103.81058,1.27835,0
          103.81073,1.27837,0
          103.81098,1.2785,0
          103.81123,1.2787,0
          103.81138,1.27876,0
          103.81141,1.27878,0
          103.81143,1.27878,0
          103.81149,1.2788,0
          103.81162,1.2788,0
          103.81181,1.27877,0
          103.81194,1.27873,0
          103.81199,1.2787,0
          103.81204,1.27865,0
          103.81244,1.27835,0
          103.81322,1.27795,0
          103.81325,1.27792,0
          103.81331,1.27789,0
          103.81337,1.27789,0
          103.81345,1.27791,0
          103.81353,1.27795,0
          103.81359,1.278,0
          103.81374,1.27777,0
          103.81407,1.27749,0
          103.8143,1.27739,0
          103.81431,1.27738,0
          103.81454,1.27731,0
          103.81454,1.2773,0
          103.81455,1.2773,0
          103.81455,1.27728,0
          103.81454,1.27728,0
          103.81454,1.27727,0
          103.81442,1.27724,0
          103.81438,1.27722,0
          103.81426,1.27711,0
          103.81426,1.27707,0
          103.8146,1.27677,0
          103.81475,1.27661,0
          103.81475,1.2766,0
          103.81479,1.27657,0
          103.81492,1.27643,0
          103.81501,1.27636,0
          103.81501,1.27635,0
          103.8151,1.27629,0
          103.81517,1.27622,0
          103.81549,1.27604,0
          103.81573,1.27595,0
          103.81599,1.27594,0
          103.81608,1.27592,0
          103.81636,1.27594,0
          103.81635,1.27583,0
          103.8164,1.27582,0
          103.81642,1.2758,0
          103.81643,1.27578,0
          103.81642,1.27576,0
          103.81642,1.27573,0
          103.81645,1.27565,0
          103.81646,1.27531,0
          103.81645,1.27521,0
          103.81667,1.27516,0
          103.81681,1.27511,0
          103.81683,1.27511,0
          103.81693,1.27504,0
          103.81731,1.27445,0
          103.81745,1.27436,0
          103.81758,1.27432,0
          103.81785,1.27431,0
          103.81797,1.27427,0
          103.818,1.27425,0
          103.81811,1.27409,0
          103.81811,1.27408,0
          103.81821,1.27395,0
          103.81828,1.27389,0
          103.81858,1.27382,0
          103.81865,1.27379,0
          103.81871,1.27375,0
          103.81875,1.27369,0
          103.81886,1.27326,0
          103.81904,1.27295,0
          103.81908,1.27284,0
          103.81911,1.27265,0
          103.81909,1.27245,0
          103.81907,1.2724,0
          103.81904,1.27237,0
          103.81903,1.27237,0
          103.819,1.27235,0
          103.81886,1.2723,0
          103.81893,1.27209,0
          103.81898,1.27184,0
          103.81901,1.27177,0
          103.81905,1.27174,0
          103.81927,1.27147,0
          103.81929,1.27143,0
          103.81944,1.27132,0
          103.81981,1.27117,0
          103.81995,1.27114,0
          103.82021,1.27112,0
          103.82059,1.27114,0
          103.82064,1.27113,0
          103.82065,1.27112,0
          103.82068,1.27111,0
          103.82071,1.27111,0
          103.82074,1.27109,0
          103.82118,1.27059,0
          103.82135,1.27044,0
          103.82161,1.27006,0
          103.82158,1.26988,0
          103.82159,1.26982,0
          103.82158,1.26977,0
          103.82156,1.26975,0
          103.82152,1.26966,0
          103.82151,1.2696,0
          103.82156,1.26927,0
          103.82154,1.2692,0
          103.82153,1.26919,0
          103.82153,1.26918,0
          103.82152,1.26918,0
          103.82151,1.26917,0
          103.82132,1.26914,0
          103.82125,1.26903,0
          103.82118,1.26897,0
          103.82117,1.26897,0
          103.82115,1.26895,0
          103.82115,1.26894,0
          103.82114,1.26894,0
          103.82114,1.26891,0
          103.82115,1.26891,0
          103.82115,1.2689,0
          103.82116,1.2689,0
          103.8212,1.26884,0
          103.82121,1.26874,0
          103.82122,1.26872,0
          103.82122,1.26868,0
          103.82118,1.2686,0
          103.82119,1.26853,0
          103.82121,1.26851,0
          103.82121,1.26845,0
          103.82125,1.26845,0
          103.82127,1.26843,0
          103.82127,1.2684,0
          103.82125,1.26837,0
          103.82125,1.26835,0
          103.82123,1.2683,0
          103.82117,1.26825,0
          103.82117,1.26823,0
          103.82116,1.26822,0
          103.82117,1.26821,0
          103.82117,1.2682,0
          103.82119,1.26818,0
          103.8212,1.26818,0
          103.82125,1.26816,0
          103.82127,1.26816,0
          103.82128,1.26814,0
          103.82135,1.26809,0
          103.82135,1.26807,0
          103.82136,1.26806,0
          103.82136,1.26795,0
          103.82129,1.26776,0
          103.8212,1.26712,0
          103.82118,1.26667,0
          103.82114,1.26661,0
          103.82106,1.26599,0
          103.82106,1.26586,0
          103.82072,1.26585,0
          103.82072,1.26548,0
          103.82102,1.26549,0
          103.82104,1.26542,0
          103.82128,1.26549,0
          103.82169,1.26554,0
          103.82184,1.26553,0
          103.82187,1.2651,0
        </coordinates>
      </LineString>
    </Placemark>
    <Placemark>
      <name>South Buona Vista Road, Kent Ridge MRT Station (CC24), Singapore</name>
      <styleUrl>#icon-1899-DB4436-nodesc</styleUrl>
      <Point>
        <coordinates>
          103.7842662,1.2936863,0
        </coordinates>
      </Point>
    </Placemark>
    <Placemark>
      <name>Telok Blangah Road, HarbourFront MRT Station (CC29), Singapore</name>
      <styleUrl>#icon-1899-DB4436-nodesc</styleUrl>
      <Point>
        <coordinates>
          103.8218678,1.2650991,0
        </coordinates>
      </Point>
    </Placemark>
  </Document>
</kml>
