<?xml version="1.0" encoding="UTF-8"?>
<kml xmlns="http://www.opengis.net/kml/2.2">
  <Document>
    <name>Farrers</name>
    <Style id="icon-1899-DB4436-nodesc-normal">
      <IconStyle>
        <color>ff3644db</color>
        <scale>1</scale>
        <Icon>
          <href>https://www.gstatic.com/mapspro/images/stock/503-wht-blank_maps.png</href>
        </Icon>
        <hotSpot x="32" xunits="pixels" y="64" yunits="insetPixels"/>
      </IconStyle>
      <LabelStyle>
        <scale>0</scale>
      </LabelStyle>
      <BalloonStyle>
        <text><![CDATA[<h3>$[name]</h3>]]></text>
      </BalloonStyle>
    </Style>
    <Style id="icon-1899-DB4436-nodesc-highlight">
      <IconStyle>
        <color>ff3644db</color>
        <scale>1</scale>
        <Icon>
          <href>https://www.gstatic.com/mapspro/images/stock/503-wht-blank_maps.png</href>
        </Icon>
        <hotSpot x="32" xunits="pixels" y="64" yunits="insetPixels"/>
      </IconStyle>
      <LabelStyle>
        <scale>1</scale>
      </LabelStyle>
      <BalloonStyle>
        <text><![CDATA[<h3>$[name]</h3>]]></text>
      </BalloonStyle>
    </Style>
    <StyleMap id="icon-1899-DB4436-nodesc">
      <Pair>
        <key>normal</key>
        <styleUrl>#icon-1899-DB4436-nodesc-normal</styleUrl>
      </Pair>
      <Pair>
        <key>highlight</key>
        <styleUrl>#icon-1899-DB4436-nodesc-highlight</styleUrl>
      </Pair>
    </StyleMap>
    <Style id="line-1267FF-5000-nodesc-normal">
      <LineStyle>
        <color>ffff6712</color>
        <width>5</width>
      </LineStyle>
      <BalloonStyle>
        <text><![CDATA[<h3>$[name]</h3>]]></text>
      </BalloonStyle>
    </Style>
    <Style id="line-1267FF-5000-nodesc-highlight">
      <LineStyle>
        <color>ffff6712</color>
        <width>7.5</width>
      </LineStyle>
      <BalloonStyle>
        <text><![CDATA[<h3>$[name]</h3>]]></text>
      </BalloonStyle>
    </Style>
    <StyleMap id="line-1267FF-5000-nodesc">
      <Pair>
        <key>normal</key>
        <styleUrl>#line-1267FF-5000-nodesc-normal</styleUrl>
      </Pair>
      <Pair>
        <key>highlight</key>
        <styleUrl>#line-1267FF-5000-nodesc-highlight</styleUrl>
      </Pair>
    </StyleMap>
    <Placemark>
      <name>Farrers</name>
      <styleUrl>#line-1267FF-5000-nodesc</styleUrl>
      <LineString>
        <tessellate>1</tessellate>
        <coordinates>
          103.80782,1.3174,0
          103.80921,1.31867,0
          103.8096,1.31823,0
          103.80944,1.31803,0
          103.80952,1.318,0
          103.81006,1.31744,0
          103.81009,1.31739,0
          103.81003,1.31734,0
          103.80975,1.31689,0
          103.80972,1.31681,0
          103.80954,1.31651,0
          103.8094,1.316,0
          103.80939,1.31599,0
          103.80935,1.31588,0
          103.8094,1.31586,0
          103.8094,1.31576,0
          103.80941,1.31575,0
          103.80941,1.31574,0
          103.80944,1.31574,0
          103.80945,1.31575,0
          103.80953,1.31575,0
          103.80954,1.31574,0
          103.80955,1.31574,0
          103.80955,1.31573,0
          103.80956,1.31572,0
          103.80956,1.31569,0
          103.80953,1.31566,0
          103.8095,1.31566,0
          103.80939,1.31563,0
          103.80937,1.31562,0
          103.80935,1.31559,0
          103.80935,1.31554,0
          103.80938,1.31551,0
          103.8094,1.3155,0
          103.80945,1.3155,0
          103.80947,1.31551,0
          103.80951,1.31557,0
          103.80951,1.31559,0
          103.80954,1.31562,0
          103.80959,1.31562,0
          103.80963,1.3156,0
          103.80964,1.31558,0
          103.80964,1.31557,0
          103.80965,1.31555,0
          103.80964,1.31554,0
          103.80964,1.31552,0
          103.8096,1.31547,0
          103.8096,1.31544,0
          103.80963,1.31541,0
          103.80964,1.31538,0
          103.80966,1.31535,0
          103.80966,1.31533,0
          103.80965,1.31532,0
          103.80965,1.31531,0
          103.80964,1.31531,0
          103.80963,1.3153,0
          103.80955,1.3153,0
          103.80955,1.31531,0
          103.80951,1.31534,0
          103.80948,1.31534,0
          103.80946,1.31532,0
          103.80945,1.3153,0
          103.80946,1.31529,0
          103.80946,1.31528,0
          103.80947,1.31528,0
          103.80947,1.31527,0
          103.80948,1.31527,0
          103.8095,1.31526,0
          103.80957,1.31526,0
          103.80959,1.31524,0
          103.80959,1.3152,0
          103.80958,1.3152,0
          103.80958,1.31519,0
          103.80957,1.31519,0
          103.80957,1.31518,0
          103.80942,1.3152,0
          103.80939,1.31523,0
          103.80938,1.31523,0
          103.80936,1.31524,0
          103.80933,1.31524,0
          103.80933,1.31523,0
          103.80932,1.31523,0
          103.80931,1.31521,0
          103.80931,1.31517,0
          103.80932,1.31516,0
          103.80932,1.31515,0
          103.80933,1.31515,0
          103.80933,1.31514,0
          103.80934,1.31514,0
          103.80937,1.31512,0
          103.8094,1.31512,0
          103.80942,1.31509,0
          103.80942,1.31505,0
          103.80941,1.31503,0
          103.80939,1.31502,0
          103.80926,1.31502,0
          103.80925,1.31501,0
          103.80924,1.31501,0
          103.80924,1.315,0
          103.80923,1.315,0
          103.80923,1.31496,0
          103.80926,1.31493,0
          103.80934,1.31493,0
          103.8094,1.31489,0
          103.8094,1.31488,0
          103.80941,1.31487,0
          103.80941,1.31485,0
          103.8094,1.31484,0
          103.8094,1.31483,0
          103.80939,1.31483,0
          103.80939,1.31482,0
          103.80936,1.31482,0
          103.80931,1.31487,0
          103.80923,1.3149,0
          103.80922,1.31489,0
          103.80919,1.31489,0
          103.80917,1.31487,0
          103.80917,1.31484,0
          103.80919,1.31482,0
          103.80922,1.31482,0
          103.80924,1.31483,0
          103.80927,1.31483,0
          103.80929,1.31481,0
          103.80929,1.3148,0
          103.8093,1.31479,0
          103.8093,1.31475,0
          103.80929,1.31475,0
          103.80929,1.31474,0
          103.80928,1.31474,0
          103.80927,1.31473,0
          103.80925,1.31473,0
          103.80924,1.31474,0
          103.80923,1.31474,0
          103.80922,1.31475,0
          103.80918,1.31475,0
          103.80915,1.31472,0
          103.80914,1.31469,0
          103.80914,1.31466,0
          103.80915,1.31465,0
          103.80917,1.31465,0
          103.80919,1.31463,0
          103.80919,1.31458,0
          103.80916,1.31455,0
          103.80915,1.31455,0
          103.80913,1.31453,0
          103.80913,1.31446,0
          103.80914,1.31444,0
          103.80914,1.31441,0
          103.80916,1.31441,0
          103.80919,1.31442,0
          103.8092,1.31441,0
          103.80924,1.31439,0
          103.80928,1.31439,0
          103.8093,1.3144,0
          103.80933,1.3144,0
          103.8094,1.31442,0
          103.80951,1.31443,0
          103.80956,1.31441,0
          103.80958,1.31438,0
          103.80966,1.31433,0
          103.80975,1.31434,0
          103.80976,1.31438,0
          103.8098,1.3144,0
          103.80981,1.31433,0
          103.80983,1.31428,0
          103.80984,1.31427,0
          103.80985,1.31427,0
          103.80987,1.31426,0
          103.8099,1.31426,0
          103.80992,1.31427,0
          103.80994,1.31429,0
          103.80994,1.31437,0
          103.80989,1.31442,0
          103.80982,1.31446,0
          103.80982,1.31443,0
          103.8098,1.3144,0
          103.80977,1.31439,0
          103.80975,1.31437,0
          103.80975,1.31434,0
          103.80977,1.31429,0
          103.80977,1.31424,0
          103.80978,1.31422,0
          103.80978,1.31421,0
          103.80984,1.31417,0
          103.80987,1.31416,0
          103.80988,1.31409,0
          103.80989,1.31407,0
          103.80996,1.31401,0
          103.80999,1.314,0
          103.81001,1.31398,0
          103.81006,1.31397,0
          103.8101,1.31392,0
          103.81011,1.31388,0
          103.8101,1.31376,0
          103.81011,1.31362,0
          103.81021,1.31351,0
          103.81028,1.31346,0
          103.81046,1.31324,0
          103.81048,1.3132,0
          103.8106,1.31307,0
          103.81063,1.31302,0
          103.81063,1.31299,0
          103.81065,1.31297,0
          103.81072,1.31294,0
          103.81075,1.31286,0
          103.81075,1.31274,0
          103.81077,1.31269,0
          103.81083,1.31261,0
          103.8109,1.31255,0
          103.81096,1.31253,0
          103.81109,1.31253,0
          103.81112,1.31252,0
          103.81114,1.31252,0
          103.81117,1.3125,0
          103.81134,1.31243,0
          103.81143,1.31242,0
          103.81147,1.31244,0
          103.81156,1.31251,0
          103.81164,1.31254,0
          103.81171,1.31253,0
          103.81176,1.31251,0
          103.81181,1.31247,0
          103.81184,1.31243,0
          103.81198,1.31212,0
          103.81202,1.31208,0
          103.81219,1.312,0
          103.81224,1.31191,0
          103.81229,1.31188,0
          103.81236,1.31186,0
          103.81232,1.31206,0
          103.81231,1.31208,0
          103.81227,1.31241,0
          103.81228,1.3125,0
          103.81239,1.31275,0
          103.81247,1.31272,0
          103.8128,1.31337,0
          103.81283,1.31341,0
          103.81356,1.31389,0
          103.81363,1.31397,0
          103.81406,1.31466,0
          103.81418,1.31501,0
          103.81421,1.31506,0
          103.81456,1.31542,0
          103.81457,1.31542,0
          103.81493,1.31578,0
          103.81499,1.31514,0
          103.81503,1.31515,0
          103.81517,1.31531,0
          103.81523,1.31542,0
          103.8153,1.3156,0
          103.81538,1.31571,0
          103.81546,1.31577,0
          103.81555,1.31581,0
          103.8156,1.31576,0
          103.81562,1.31579,0
          103.81566,1.3159,0
          103.81572,1.31594,0
          103.81587,1.31601,0
          103.81654,1.31617,0
          103.81661,1.31614,0
          103.81668,1.31609,0
          103.81674,1.31611,0
          103.81677,1.31607,0
          103.81678,1.31604,0
          103.81678,1.31596,0
          103.81688,1.31578,0
          103.81689,1.31574,0
          103.81711,1.31564,0
          103.81717,1.31555,0
          103.81742,1.31572,0
          103.81744,1.31571,0
          103.81745,1.31571,0
          103.81746,1.3157,0
          103.81749,1.3157,0
          103.81752,1.31569,0
          103.81753,1.3157,0
          103.81755,1.3157,0
          103.81757,1.31571,0
          103.81766,1.31562,0
          103.8177,1.31552,0
          103.81786,1.31563,0
          103.81794,1.31547,0
          103.81824,1.31568,0
          103.81834,1.31577,0
          103.81867,1.31601,0
          103.8188,1.3159,0
          103.81945,1.3155,0
          103.81953,1.31547,0
          103.82016,1.31543,0
          103.82028,1.31539,0
          103.82057,1.31525,0
          103.82079,1.31507,0
          103.82113,1.31453,0
          103.82124,1.31445,0
          103.82131,1.31442,0
          103.82136,1.31441,0
          103.82156,1.31446,0
          103.82171,1.31452,0
          103.8229,1.31475,0
          103.82324,1.31489,0
          103.82334,1.31495,0
          103.82385,1.31515,0
          103.82424,1.31524,0
          103.8246,1.31538,0
          103.82473,1.31547,0
          103.8251,1.31581,0
          103.82524,1.3159,0
          103.82559,1.31602,0
          103.82595,1.31609,0
          103.82586,1.31653,0
          103.82584,1.31672,0
          103.82585,1.31672,0
          103.82584,1.31689,0
          103.82609,1.31692,0
          103.82614,1.3169,0
          103.82614,1.31687,0
          103.8261,1.31687,0
          103.82611,1.31681,0
          103.82607,1.3168,0
          103.82613,1.31636,0
          103.82616,1.31625,0
          103.82626,1.31623,0
          103.82694,1.31619,0
          103.82702,1.31617,0
          103.82705,1.31617,0
          103.82713,1.31615,0
          103.82718,1.31611,0
          103.8272,1.31611,0
          103.82724,1.31608,0
          103.82724,1.31607,0
          103.82731,1.31616,0
          103.82736,1.31625,0
          103.82788,1.31678,0
          103.8279,1.31681,0
          103.828,1.31685,0
          103.82824,1.31709,0
          103.82831,1.31722,0
          103.82834,1.31734,0
          103.82827,1.31814,0
          103.82831,1.31822,0
          103.82835,1.31838,0
          103.82835,1.3185,0
          103.82857,1.31943,0
          103.82892,1.31932,0
          103.82896,1.31922,0
          103.82919,1.31913,0
          103.82944,1.31992,0
          103.82961,1.31987,0
          103.82965,1.31984,0
          103.83009,1.31971,0
          103.83025,1.31957,0
          103.83047,1.31948,0
          103.83061,1.31944,0
          103.83069,1.3194,0
          103.83109,1.31927,0
          103.83111,1.31931,0
          103.83115,1.31936,0
          103.83142,1.31961,0
          103.83154,1.31977,0
          103.83162,1.31993,0
          103.83169,1.3199,0
          103.83198,1.31982,0
          103.83234,1.32096,0
          103.83238,1.32105,0
          103.83242,1.32105,0
          103.83281,1.32091,0
          103.83288,1.32085,0
          103.83295,1.32081,0
          103.83308,1.3207,0
          103.83342,1.3211,0
          103.83353,1.32136,0
          103.83368,1.32188,0
          103.83369,1.32189,0
          103.83372,1.32196,0
          103.83374,1.32197,0
          103.83376,1.32199,0
          103.8338,1.32201,0
          103.83387,1.32201,0
          103.83396,1.32205,0
          103.83402,1.3221,0
          103.83408,1.32217,0
          103.83416,1.32223,0
          103.83426,1.32238,0
          103.83438,1.32251,0
          103.83473,1.32272,0
          103.83547,1.32297,0
          103.8355,1.32302,0
          103.83571,1.32291,0
          103.83581,1.32283,0
          103.83606,1.32252,0
          103.83618,1.32246,0
          103.83656,1.32236,0
          103.83671,1.32229,0
          103.83689,1.32218,0
          103.83701,1.32232,0
          103.83719,1.32248,0
          103.83726,1.32245,0
          103.83744,1.32246,0
          103.83783,1.32243,0
          103.83825,1.32231,0
          103.83843,1.32231,0
          103.83862,1.32236,0
          103.83884,1.32248,0
          103.83909,1.32258,0
          103.8392,1.3226,0
          103.8394,1.32254,0
          103.83954,1.32241,0
          103.83958,1.32239,0
          103.84083,1.32223,0
          103.84094,1.32226,0
          103.84124,1.32225,0
          103.84151,1.32227,0
          103.8415,1.32254,0
          103.84155,1.32297,0
          103.84157,1.32305,0
          103.84153,1.32317,0
          103.84155,1.32328,0
          103.84157,1.32333,0
          103.84157,1.32336,0
          103.84191,1.32332,0
          103.84191,1.32322,0
          103.84189,1.32312,0
          103.84186,1.32306,0
          103.84183,1.32279,0
          103.84184,1.32226,0
          103.8418,1.3221,0
          103.8418,1.32203,0
          103.84187,1.32197,0
          103.84187,1.32196,0
          103.84197,1.32175,0
          103.84197,1.32148,0
          103.84213,1.32122,0
          103.84214,1.32119,0
          103.84216,1.32118,0
          103.84231,1.32096,0
          103.84242,1.32091,0
          103.84261,1.32068,0
          103.8426,1.32065,0
          103.84258,1.32063,0
          103.84316,1.31991,0
          103.84323,1.31986,0
          103.84332,1.31976,0
          103.84338,1.31965,0
          103.84346,1.31958,0
          103.8436,1.31941,0
          103.84371,1.31934,0
          103.84399,1.31897,0
          103.84407,1.31893,0
          103.8441,1.31879,0
          103.84402,1.31882,0
          103.84408,1.31872,0
          103.84415,1.3187,0
          103.8442,1.31856,0
          103.84411,1.31858,0
          103.84421,1.31833,0
          103.84421,1.31834,0
          103.84429,1.31843,0
          103.84431,1.3184,0
          103.84439,1.31844,0
          103.84466,1.3184,0
          103.84471,1.31838,0
          103.84486,1.31839,0
          103.84491,1.31835,0
          103.84526,1.31828,0
          103.84528,1.31827,0
          103.84535,1.31826,0
          103.84547,1.31831,0
          103.84566,1.31831,0
          103.8457,1.31832,0
          103.84584,1.3183,0
          103.84654,1.31843,0
          103.84665,1.31847,0
          103.84668,1.31847,0
          103.84676,1.3185,0
          103.84841,1.3188,0
          103.84852,1.31884,0
          103.84858,1.31883,0
          103.84951,1.31902,0
          103.84961,1.31911,0
          103.84981,1.31915,0
          103.84995,1.3191,0
          103.85031,1.31918,0
          103.85084,1.31924,0
          103.85096,1.31923,0
          103.85096,1.3192,0
          103.85118,1.31918,0
          103.85117,1.3192,0
          103.85129,1.31919,0
          103.85132,1.31917,0
          103.85134,1.31919,0
          103.8514,1.31922,0
          103.85181,1.31917,0
          103.85207,1.31917,0
          103.85214,1.31918,0
          103.85215,1.31912,0
          103.85216,1.31911,0
          103.85217,1.31911,0
          103.85219,1.3191,0
          103.85223,1.3191,0
          103.85242,1.31895,0
          103.85243,1.31893,0
          103.85244,1.31893,0
          103.85251,1.31878,0
          103.85266,1.31853,0
          103.85271,1.31847,0
          103.85257,1.3182,0
          103.85257,1.31817,0
          103.85261,1.31814,0
          103.85258,1.31809,0
          103.85237,1.31786,0
          103.85268,1.31752,0
          103.85269,1.3175,0
          103.85271,1.31748,0
          103.85271,1.31747,0
          103.85292,1.317,0
          103.85293,1.31693,0
          103.85312,1.31643,0
          103.85315,1.3163,0
          103.85335,1.31579,0
          103.85335,1.31581,0
          103.85367,1.31497,0
          103.85386,1.31457,0
          103.85391,1.31441,0
          103.8542,1.31382,0
          103.85421,1.31376,0
          103.85424,1.31368,0
          103.85423,1.31367,0
          103.85432,1.31342,0
          103.85436,1.31346,0
          103.85436,1.31339,0
          103.8546,1.31285,0
          103.85467,1.31274,0
        </coordinates>
      </LineString>
    </Placemark>
    <Placemark>
      <name>Farrer Road, Farrer Road MRT Station (CC20), Singapore</name>
      <styleUrl>#icon-1899-DB4436-nodesc</styleUrl>
      <Point>
        <coordinates>
          103.8078189,1.3173979,0
        </coordinates>
      </Point>
    </Placemark>
    <Placemark>
      <name>Race Course Road, Farrer Park MRT Station (NE8), Singapore</name>
      <styleUrl>#icon-1899-DB4436-nodesc</styleUrl>
      <Point>
        <coordinates>
          103.8546677,1.3127376,0
        </coordinates>
      </Point>
    </Placemark>
  </Document>
</kml>
