<?xml version="1.0" encoding="UTF-8"?>
<kml xmlns="http://www.opengis.net/kml/2.2">
  <Document>
    <name>Directions from Woodleigh, Singapore to Fernvale Road, Fernvale LRT Station (SW5), Singapore</name>
    <Style id="icon-1899-DB4436-nodesc-normal">
      <IconStyle>
        <color>ff3644db</color>
        <scale>1</scale>
        <Icon>
          <href>https://www.gstatic.com/mapspro/images/stock/503-wht-blank_maps.png</href>
        </Icon>
        <hotSpot x="32" xunits="pixels" y="64" yunits="insetPixels"/>
      </IconStyle>
      <LabelStyle>
        <scale>0</scale>
      </LabelStyle>
      <BalloonStyle>
        <text><![CDATA[<h3>$[name]</h3>]]></text>
      </BalloonStyle>
    </Style>
    <Style id="icon-1899-DB4436-nodesc-highlight">
      <IconStyle>
        <color>ff3644db</color>
        <scale>1</scale>
        <Icon>
          <href>https://www.gstatic.com/mapspro/images/stock/503-wht-blank_maps.png</href>
        </Icon>
        <hotSpot x="32" xunits="pixels" y="64" yunits="insetPixels"/>
      </IconStyle>
      <LabelStyle>
        <scale>1</scale>
      </LabelStyle>
      <BalloonStyle>
        <text><![CDATA[<h3>$[name]</h3>]]></text>
      </BalloonStyle>
    </Style>
    <StyleMap id="icon-1899-DB4436-nodesc">
      <Pair>
        <key>normal</key>
        <styleUrl>#icon-1899-DB4436-nodesc-normal</styleUrl>
      </Pair>
      <Pair>
        <key>highlight</key>
        <styleUrl>#icon-1899-DB4436-nodesc-highlight</styleUrl>
      </Pair>
    </StyleMap>
    <Style id="line-1267FF-5000-nodesc-normal">
      <LineStyle>
        <color>ffff6712</color>
        <width>5</width>
      </LineStyle>
      <BalloonStyle>
        <text><![CDATA[<h3>$[name]</h3>]]></text>
      </BalloonStyle>
    </Style>
    <Style id="line-1267FF-5000-nodesc-highlight">
      <LineStyle>
        <color>ffff6712</color>
        <width>7.5</width>
      </LineStyle>
      <BalloonStyle>
        <text><![CDATA[<h3>$[name]</h3>]]></text>
      </BalloonStyle>
    </Style>
    <StyleMap id="line-1267FF-5000-nodesc">
      <Pair>
        <key>normal</key>
        <styleUrl>#line-1267FF-5000-nodesc-normal</styleUrl>
      </Pair>
      <Pair>
        <key>highlight</key>
        <styleUrl>#line-1267FF-5000-nodesc-highlight</styleUrl>
      </Pair>
    </StyleMap>
    <Placemark>
      <name>Directions from Woodleigh, Singapore to Fernvale Road, Fernvale LRT Station (SW5), Singapore</name>
      <styleUrl>#line-1267FF-5000-nodesc</styleUrl>
      <LineString>
        <tessellate>1</tessellate>
        <coordinates>
          103.87078,1.33816,0
          103.87078,1.33815,0
          103.87083,1.33805,0
          103.87089,1.33797,0
          103.87096,1.33791,0
          103.871,1.33788,0
          103.87105,1.33787,0
          103.87151,1.33785,0
          103.8716,1.33788,0
          103.87172,1.33787,0
          103.87191,1.33785,0
          103.87196,1.33786,0
          103.87208,1.33789,0
          103.87211,1.3379,0
          103.87218,1.33795,0
          103.87225,1.33786,0
          103.87227,1.33782,0
          103.87229,1.33782,0
          103.87234,1.33781,0
          103.87234,1.33777,0
          103.87244,1.33775,0
          103.87244,1.3378,0
          103.87245,1.3378,0
          103.8725,1.33779,0
          103.87252,1.33779,0
          103.87254,1.33785,0
          103.87257,1.3378,0
          103.87259,1.33782,0
          103.87265,1.33787,0
          103.87263,1.33789,0
          103.87259,1.33802,0
          103.87255,1.33815,0
          103.8727,1.33931,0
          103.87287,1.34029,0
          103.8729,1.34042,0
          103.873,1.34053,0
          103.87301,1.34056,0
          103.87305,1.34065,0
          103.87314,1.34083,0
          103.87324,1.34096,0
          103.87334,1.34106,0
          103.87335,1.34107,0
          103.8735,1.34118,0
          103.87361,1.34125,0
          103.87389,1.34131,0
          103.87404,1.34134,0
          103.87438,1.34141,0
          103.87449,1.34144,0
          103.87461,1.34147,0
          103.87477,1.34151,0
          103.87509,1.34159,0
          103.87556,1.34171,0
          103.87565,1.34174,0
          103.87572,1.34176,0
          103.87617,1.34189,0
          103.8763,1.34197,0
          103.87627,1.34201,0
          103.87638,1.3421,0
          103.87638,1.34209,0
          103.8765,1.34217,0
          103.87661,1.34229,0
          103.87662,1.34231,0
          103.87671,1.34244,0
          103.8768,1.34257,0
          103.87684,1.34259,0
          103.87685,1.3426,0
          103.87686,1.3426,0
          103.87689,1.34271,0
          103.87689,1.34272,0
          103.87694,1.34288,0
          103.877,1.34307,0
          103.87714,1.34343,0
          103.87719,1.34356,0
          103.87723,1.34368,0
          103.87724,1.34372,0
          103.87725,1.34373,0
          103.87727,1.34376,0
          103.87731,1.34379,0
          103.87733,1.34381,0
          103.87733,1.34382,0
          103.87733,1.34383,0
          103.87732,1.34385,0
          103.87732,1.34387,0
          103.8773,1.34391,0
          103.8773,1.34392,0
          103.8773,1.34394,0
          103.8773,1.34396,0
          103.8773,1.34397,0
          103.87729,1.34397,0
          103.87728,1.34399,0
          103.87727,1.34399,0
          103.87727,1.344,0
          103.87727,1.34401,0
          103.87731,1.34413,0
          103.8773,1.34413,0
          103.87738,1.34435,0
          103.87735,1.34437,0
          103.87736,1.34439,0
          103.87726,1.34443,0
          103.8772,1.34446,0
          103.87729,1.34458,0
          103.8773,1.34462,0
          103.87741,1.34487,0
          103.87743,1.34496,0
          103.87746,1.34505,0
          103.87749,1.34515,0
          103.87752,1.34524,0
          103.87754,1.34535,0
          103.87754,1.34551,0
          103.87754,1.34564,0
          103.87749,1.34599,0
          103.87748,1.3461,0
          103.87746,1.34621,0
          103.87746,1.34634,0
          103.87739,1.34699,0
          103.87739,1.34706,0
          103.87737,1.34721,0
          103.87754,1.34726,0
          103.87756,1.34726,0
          103.87759,1.34727,0
          103.87781,1.34735,0
          103.87785,1.34735,0
          103.87787,1.34734,0
          103.87789,1.34733,0
          103.87795,1.34734,0
          103.87813,1.34737,0
          103.87817,1.34738,0
          103.8782,1.34739,0
          103.8785,1.34762,0
          103.87852,1.34764,0
          103.87884,1.34789,0
          103.87894,1.34796,0
          103.87895,1.34794,0
          103.87907,1.34798,0
          103.87905,1.34803,0
          103.8789,1.34843,0
          103.87877,1.34879,0
          103.87873,1.34884,0
          103.87871,1.3489,0
          103.87855,1.34914,0
          103.87846,1.34927,0
          103.87841,1.34933,0
          103.87833,1.34942,0
          103.87829,1.34956,0
          103.87819,1.34969,0
          103.8781,1.34978,0
          103.87808,1.34981,0
          103.87802,1.3499,0
          103.87798,1.34995,0
          103.87794,1.35,0
          103.8779,1.35003,0
          103.87785,1.35007,0
          103.87769,1.35018,0
          103.87749,1.35032,0
          103.87746,1.35034,0
          103.8774,1.35038,0
          103.87733,1.35041,0
          103.87712,1.35055,0
          103.87705,1.3506,0
          103.87685,1.35073,0
          103.87677,1.35077,0
          103.87675,1.35078,0
          103.87669,1.35082,0
          103.87649,1.35095,0
          103.87644,1.35099,0
          103.87636,1.35105,0
          103.87623,1.35113,0
          103.87614,1.35119,0
          103.87612,1.35121,0
          103.87605,1.35125,0
          103.876,1.35129,0
          103.87594,1.35132,0
          103.87583,1.3514,0
          103.87578,1.35144,0
          103.87575,1.35146,0
          103.87573,1.35147,0
          103.87564,1.35142,0
          103.87523,1.35104,0
          103.87516,1.35098,0
          103.87463,1.3505,0
          103.87456,1.35039,0
          103.87434,1.35014,0
          103.87426,1.35006,0
          103.87421,1.35001,0
          103.87421,1.35,0
          103.8742,1.34995,0
          103.87419,1.3499,0
          103.87414,1.34991,0
          103.8741,1.34991,0
          103.87405,1.34989,0
          103.87393,1.34975,0
          103.87392,1.34976,0
          103.87392,1.34977,0
          103.87385,1.34984,0
          103.87386,1.34985,0
          103.87382,1.3499,0
          103.8738,1.34992,0
          103.87379,1.34991,0
          103.87372,1.34998,0
          103.87369,1.35001,0
          103.87371,1.35003,0
          103.87365,1.3501,0
          103.87366,1.35005,0
          103.87366,1.35002,0
          103.87366,1.35,0
          103.87361,1.35,0
          103.87357,1.35,0
          103.87358,1.35017,0
          103.87349,1.35023,0
          103.87334,1.35041,0
          103.87319,1.35059,0
          103.87307,1.35072,0
          103.87302,1.35079,0
          103.87294,1.35088,0
          103.87292,1.3509,0
          103.87276,1.35099,0
          103.87275,1.35101,0
          103.87269,1.35109,0
          103.8726,1.35122,0
          103.87254,1.3513,0
          103.87251,1.35138,0
          103.8725,1.35143,0
          103.87248,1.35143,0
          103.87247,1.35138,0
          103.87245,1.35136,0
          103.87243,1.35134,0
          103.87241,1.35134,0
          103.87235,1.35133,0
          103.87233,1.35133,0
          103.87229,1.35137,0
          103.87217,1.35137,0
          103.87209,1.35138,0
          103.87202,1.35139,0
          103.87196,1.35139,0
          103.87193,1.3514,0
          103.8719,1.3514,0
          103.87187,1.35141,0
          103.87185,1.35143,0
          103.87185,1.35145,0
          103.87185,1.35146,0
          103.87185,1.35147,0
          103.87184,1.35147,0
          103.87184,1.35148,0
          103.87184,1.35149,0
          103.87184,1.3515,0
          103.87183,1.3515,0
          103.87183,1.35151,0
          103.87182,1.35152,0
          103.87181,1.35153,0
          103.8718,1.35153,0
          103.8718,1.35154,0
          103.87179,1.35154,0
          103.87178,1.35154,0
          103.87178,1.35155,0
          103.87177,1.35155,0
          103.87176,1.35155,0
          103.87175,1.35155,0
          103.87174,1.35155,0
          103.87173,1.35155,0
          103.87172,1.35155,0
          103.87171,1.35155,0
          103.8717,1.35154,0
          103.87169,1.35154,0
          103.87168,1.35153,0
          103.87163,1.35157,0
          103.87161,1.35159,0
          103.87157,1.35164,0
          103.87155,1.35174,0
          103.87143,1.35189,0
          103.87139,1.35188,0
          103.87127,1.35188,0
          103.87108,1.35189,0
          103.87097,1.35189,0
          103.87095,1.35189,0
          103.87094,1.3519,0
          103.87093,1.3519,0
          103.87089,1.35192,0
          103.87079,1.35196,0
          103.87077,1.35197,0
          103.87077,1.35198,0
          103.87076,1.35198,0
          103.87075,1.35197,0
          103.87072,1.35192,0
          103.8707,1.35187,0
          103.87067,1.35182,0
          103.87063,1.35173,0
          103.8706,1.35168,0
          103.87049,1.35147,0
          103.87047,1.3514,0
          103.87046,1.35139,0
          103.87045,1.35138,0
          103.87043,1.35138,0
          103.87041,1.35138,0
          103.87041,1.35139,0
          103.87033,1.3514,0
          103.87004,1.35158,0
          103.86982,1.35168,0
          103.86981,1.35167,0
          103.86975,1.35169,0
          103.8696,1.35177,0
          103.86951,1.35182,0
          103.86941,1.35188,0
          103.86939,1.35188,0
          103.86929,1.35193,0
          103.86926,1.35194,0
          103.8692,1.35197,0
          103.86908,1.35203,0
          103.86895,1.3521,0
          103.86891,1.35213,0
          103.86883,1.35217,0
          103.86879,1.35221,0
          103.86872,1.35229,0
          103.86871,1.3523,0
          103.86867,1.35233,0
          103.86861,1.35241,0
          103.86855,1.35248,0
          103.86852,1.35253,0
          103.86851,1.35255,0
          103.86841,1.35275,0
          103.86838,1.35284,0
          103.86836,1.35293,0
          103.86835,1.35296,0
          103.86832,1.35309,0
          103.8683,1.35318,0
          103.86825,1.35317,0
          103.86813,1.35314,0
          103.86808,1.35313,0
          103.86808,1.35315,0
          103.86803,1.35332,0
          103.86799,1.35353,0
          103.86796,1.35361,0
          103.86793,1.35375,0
          103.86792,1.35384,0
          103.86788,1.35397,0
          103.86787,1.35405,0
          103.86785,1.35413,0
          103.86786,1.35425,0
          103.86786,1.35431,0
          103.86779,1.35444,0
          103.86778,1.35451,0
          103.86776,1.35463,0
          103.86774,1.35487,0
          103.86774,1.35499,0
          103.86765,1.35503,0
          103.86758,1.35506,0
          103.86755,1.35507,0
          103.86753,1.35507,0
          103.86752,1.35507,0
          103.86751,1.35507,0
          103.86749,1.35507,0
          103.86746,1.35506,0
          103.86735,1.35502,0
          103.86728,1.35499,0
          103.86712,1.35493,0
          103.86703,1.3549,0
          103.86696,1.35487,0
          103.86694,1.35486,0
          103.86685,1.35483,0
          103.86679,1.3548,0
          103.86673,1.35477,0
          103.86662,1.35473,0
          103.86654,1.35471,0
          103.8665,1.35469,0
          103.86647,1.35468,0
          103.86645,1.35467,0
          103.86644,1.35466,0
          103.86642,1.35466,0
          103.86641,1.35468,0
          103.86639,1.35471,0
          103.86637,1.35477,0
          103.86636,1.35478,0
          103.86633,1.35485,0
          103.8663,1.35493,0
          103.86639,1.35497,0
          103.86641,1.35498,0
          103.86642,1.35498,0
          103.86669,1.35509,0
          103.86676,1.35513,0
          103.86696,1.35522,0
          103.8668,1.35514,0
          103.86678,1.35519,0
          103.86658,1.35528,0
          103.86655,1.3554,0
          103.86651,1.35541,0
          103.86634,1.35548,0
          103.86625,1.35553,0
          103.86627,1.35556,0
          103.86648,1.35587,0
          103.86659,1.35604,0
          103.86688,1.3565,0
          103.86696,1.35662,0
          103.86706,1.35678,0
          103.86711,1.35685,0
          103.86721,1.357,0
          103.86741,1.35733,0
          103.86754,1.35754,0
          103.86756,1.35757,0
          103.86756,1.35758,0
          103.86756,1.35759,0
          103.86747,1.35763,0
          103.8674,1.35768,0
          103.86738,1.35769,0
          103.86738,1.35771,0
          103.86741,1.35793,0
          103.86742,1.35802,0
          103.86748,1.3585,0
          103.86755,1.35909,0
          103.86756,1.35916,0
          103.86758,1.35926,0
          103.86753,1.35936,0
          103.8675,1.35938,0
          103.86722,1.35953,0
          103.86706,1.35961,0
          103.86708,1.35964,0
          103.86656,1.35988,0
          103.86654,1.3599,0
          103.86648,1.35992,0
          103.86614,1.36008,0
          103.86605,1.36013,0
          103.86601,1.36014,0
          103.86598,1.36016,0
          103.86597,1.36017,0
          103.86596,1.36018,0
          103.86591,1.36037,0
          103.8658,1.36034,0
          103.86578,1.3604,0
          103.86576,1.3605,0
          103.86576,1.36052,0
          103.86576,1.36054,0
          103.86576,1.36057,0
          103.86573,1.36066,0
          103.86573,1.36067,0
          103.86574,1.36067,0
          103.86579,1.36069,0
          103.86581,1.3607,0
          103.8658,1.36072,0
          103.86579,1.36074,0
          103.86578,1.36076,0
          103.86575,1.36077,0
          103.86568,1.361,0
          103.86565,1.3611,0
          103.86561,1.36122,0
          103.8656,1.36135,0
          103.86557,1.36145,0
          103.86556,1.36164,0
          103.86555,1.36172,0
          103.86554,1.36193,0
          103.86553,1.36214,0
          103.86553,1.36223,0
          103.86552,1.36237,0
          103.86551,1.3624,0
          103.8655,1.36243,0
          103.86549,1.36244,0
          103.86547,1.36247,0
          103.86543,1.3625,0
          103.86549,1.36255,0
          103.8656,1.36272,0
          103.86566,1.3628,0
          103.86584,1.36307,0
          103.86588,1.36313,0
          103.866,1.36329,0
          103.86605,1.36337,0
          103.86611,1.36344,0
          103.86613,1.36349,0
          103.86616,1.36356,0
          103.8662,1.36366,0
          103.86626,1.36371,0
          103.86628,1.36375,0
          103.86627,1.36381,0
          103.86633,1.36378,0
          103.86638,1.36375,0
          103.86646,1.36374,0
          103.86653,1.36374,0
          103.86657,1.36374,0
          103.86663,1.36375,0
          103.86677,1.36375,0
          103.86677,1.36368,0
          103.86665,1.36368,0
          103.86656,1.36369,0
          103.86652,1.36369,0
          103.86646,1.36369,0
          103.86637,1.36371,0
          103.8663,1.36374,0
          103.86628,1.36375,0
          103.86627,1.36381,0
          103.86628,1.36383,0
          103.86628,1.36385,0
          103.86628,1.36388,0
          103.86627,1.36391,0
          103.86627,1.36393,0
          103.86625,1.36397,0
          103.86624,1.36398,0
          103.86625,1.36401,0
          103.86625,1.36406,0
          103.86625,1.36409,0
          103.86626,1.36412,0
          103.86626,1.36424,0
          103.86627,1.36433,0
          103.86627,1.36437,0
          103.86629,1.36451,0
          103.8663,1.36458,0
          103.86633,1.36476,0
          103.86634,1.36483,0
          103.86637,1.36511,0
          103.86638,1.36514,0
          103.86639,1.36534,0
          103.8664,1.36539,0
          103.86644,1.36563,0
          103.86645,1.36572,0
          103.86647,1.36585,0
          103.86653,1.36587,0
          103.86654,1.36603,0
          103.8665,1.3661,0
          103.86652,1.36623,0
          103.86653,1.36638,0
          103.86654,1.36651,0
          103.86654,1.36652,0
          103.86654,1.36661,0
          103.86654,1.36664,0
          103.86655,1.36672,0
          103.86655,1.36679,0
          103.86656,1.36703,0
          103.86655,1.36712,0
          103.86655,1.36729,0
          103.86655,1.36738,0
          103.86656,1.36749,0
          103.86655,1.36763,0
          103.86655,1.36783,0
          103.86643,1.36798,0
          103.86635,1.36807,0
          103.86631,1.36813,0
          103.86601,1.36849,0
          103.86588,1.36864,0
          103.86584,1.36869,0
          103.86558,1.369,0
          103.8651,1.36954,0
          103.86505,1.36959,0
          103.86479,1.36991,0
          103.86473,1.36999,0
          103.86492,1.37006,0
          103.86496,1.37008,0
          103.865,1.37011,0
          103.86503,1.37013,0
          103.86504,1.37017,0
          103.86505,1.37019,0
          103.86505,1.37023,0
          103.86505,1.37027,0
          103.86503,1.37032,0
          103.86498,1.37045,0
          103.86494,1.37057,0
          103.86507,1.37066,0
          103.8651,1.37067,0
          103.86536,1.37081,0
          103.86538,1.37083,0
          103.86553,1.37093,0
          103.86559,1.37097,0
          103.86563,1.37099,0
          103.86569,1.37102,0
          103.8657,1.371,0
          103.86571,1.371,0
          103.86572,1.371,0
          103.86573,1.371,0
          103.86573,1.37101,0
          103.86573,1.37102,0
          103.8657,1.37106,0
          103.86562,1.37119,0
          103.86561,1.3712,0
          103.86552,1.37135,0
          103.86565,1.37143,0
          103.86566,1.37141,0
          103.86565,1.37145,0
          103.86597,1.37163,0
          103.86601,1.37165,0
          103.86605,1.37173,0
          103.8661,1.37183,0
          103.86612,1.3719,0
          103.86613,1.37194,0
          103.86613,1.37208,0
          103.86625,1.37207,0
          103.86629,1.37204,0
          103.86638,1.37199,0
          103.86648,1.37193,0
          103.86659,1.37188,0
          103.86663,1.37185,0
          103.86665,1.37186,0
          103.86686,1.37193,0
          103.86708,1.37198,0
          103.86732,1.37202,0
          103.8675,1.37203,0
          103.86775,1.37205,0
          103.86798,1.37206,0
          103.86818,1.37205,0
          103.86819,1.37218,0
          103.8682,1.37226,0
          103.8682,1.37236,0
          103.86821,1.37249,0
          103.86821,1.37258,0
          103.86826,1.37266,0
          103.86826,1.37269,0
          103.86822,1.37275,0
          103.86822,1.37278,0
          103.86822,1.37288,0
          103.86824,1.37326,0
          103.86824,1.37332,0
          103.86824,1.37347,0
          103.86825,1.3736,0
          103.86826,1.37375,0
          103.86826,1.37377,0
          103.86826,1.37379,0
          103.86827,1.37405,0
          103.86828,1.37426,0
          103.8683,1.37432,0
          103.86831,1.37441,0
          103.86838,1.37452,0
          103.86848,1.37465,0
          103.86846,1.37475,0
          103.86846,1.37482,0
          103.86847,1.37498,0
          103.86847,1.375,0
          103.86849,1.37506,0
          103.86851,1.37512,0
          103.86854,1.37517,0
          103.86857,1.37522,0
          103.8686,1.37525,0
          103.86861,1.37526,0
          103.86862,1.37528,0
          103.86867,1.37531,0
          103.8687,1.37532,0
          103.86888,1.37534,0
          103.86902,1.37534,0
          103.86923,1.37533,0
          103.86932,1.37532,0
          103.86938,1.37532,0
          103.86946,1.37532,0
          103.86961,1.37531,0
          103.86969,1.37531,0
          103.86973,1.37531,0
          103.86984,1.37531,0
          103.87079,1.37526,0
          103.87092,1.37525,0
          103.87156,1.37521,0
          103.87165,1.37522,0
          103.87165,1.37525,0
          103.87165,1.37536,0
          103.87165,1.3754,0
          103.87164,1.3754,0
          103.87164,1.37545,0
          103.87165,1.37565,0
          103.87166,1.3758,0
          103.87167,1.37599,0
          103.87174,1.37716,0
          103.87177,1.37724,0
          103.87179,1.37761,0
          103.8718,1.37773,0
          103.87181,1.37795,0
          103.87183,1.37802,0
          103.87184,1.37805,0
          103.87183,1.37818,0
          103.87184,1.37857,0
          103.87184,1.37883,0
          103.87184,1.37891,0
          103.87175,1.37886,0
          103.87124,1.37883,0
          103.87104,1.37882,0
          103.86994,1.37878,0
          103.86979,1.37882,0
          103.86938,1.3788,0
          103.86933,1.37879,0
          103.86927,1.37879,0
          103.86846,1.37877,0
          103.86833,1.37874,0
          103.86731,1.37871,0
          103.8672,1.37869,0
          103.86715,1.37869,0
          103.86703,1.37867,0
          103.86702,1.37867,0
          103.86693,1.37864,0
          103.86693,1.37869,0
          103.86692,1.37869,0
          103.8669,1.37869,0
          103.86683,1.37869,0
          103.86682,1.37869,0
          103.86682,1.3787,0
          103.86682,1.37871,0
          103.86683,1.37871,0
          103.86683,1.37872,0
          103.86684,1.37872,0
          103.86701,1.37872,0
          103.86701,1.37873,0
          103.86702,1.37873,0
          103.86702,1.37874,0
          103.86701,1.37875,0
          103.867,1.37875,0
          103.86699,1.37875,0
          103.86695,1.37875,0
          103.86685,1.37874,0
          103.86683,1.37874,0
          103.86679,1.37874,0
          103.86676,1.37874,0
          103.86672,1.37875,0
          103.86669,1.37878,0
          103.86673,1.37892,0
          103.86676,1.37903,0
          103.86679,1.37909,0
          103.8668,1.37911,0
          103.8668,1.37912,0
          103.86681,1.37913,0
          103.86682,1.37913,0
          103.86682,1.37914,0
          103.86683,1.37915,0
          103.86685,1.37918,0
          103.86685,1.37919,0
          103.86685,1.3792,0
          103.86685,1.37921,0
          103.86685,1.37923,0
          103.86686,1.37924,0
          103.86686,1.37926,0
          103.86687,1.37927,0
          103.86687,1.37931,0
          103.86688,1.37936,0
          103.86689,1.37939,0
          103.8669,1.3794,0
          103.86691,1.37941,0
          103.86692,1.37942,0
          103.86693,1.37943,0
          103.86694,1.37944,0
          103.86694,1.37945,0
          103.86695,1.37946,0
          103.86695,1.3795,0
          103.86692,1.3795,0
          103.86692,1.3796,0
          103.86692,1.37974,0
          103.86691,1.37993,0
          103.86692,1.38017,0
          103.86693,1.38024,0
          103.86693,1.38083,0
          103.86723,1.3808,0
          103.86763,1.38076,0
          103.86764,1.38083,0
          103.86769,1.38112,0
          103.86779,1.3817,0
          103.8678,1.38177,0
          103.86797,1.38262,0
          103.86798,1.38267,0
          103.868,1.3827,0
          103.86802,1.38272,0
          103.86802,1.38278,0
          103.86807,1.38313,0
          103.86816,1.38383,0
          103.86822,1.38418,0
          103.86823,1.38425,0
          103.86834,1.38503,0
          103.8684,1.38552,0
          103.86844,1.38582,0
          103.86849,1.38605,0
          103.8685,1.38612,0
          103.86851,1.38619,0
          103.86852,1.38626,0
          103.86855,1.38646,0
          103.86856,1.38653,0
          103.86858,1.38665,0
          103.86861,1.38688,0
          103.86862,1.387,0
          103.86864,1.38731,0
          103.86865,1.3874,0
          103.86865,1.38744,0
          103.86864,1.38753,0
          103.86871,1.38758,0
          103.86872,1.38764,0
          103.86874,1.3878,0
          103.8688,1.38809,0
          103.86887,1.38807,0
          103.8689,1.38816,0
          103.86891,1.38822,0
          103.86893,1.38831,0
          103.86897,1.38848,0
          103.86906,1.38851,0
          103.86901,1.3887,0
          103.86905,1.38915,0
          103.86911,1.38971,0
          103.86912,1.38978,0
          103.86949,1.38973,0
          103.86964,1.38968,0
          103.86972,1.38965,0
          103.86988,1.38961,0
          103.87084,1.38947,0
          103.87102,1.38944,0
          103.87158,1.38934,0
          103.87175,1.38931,0
          103.87223,1.38925,0
          103.87233,1.38924,0
          103.87239,1.38923,0
          103.87244,1.38922,0
          103.8725,1.38922,0
          103.87257,1.38922,0
          103.87263,1.38923,0
          103.87268,1.38925,0
          103.87279,1.38929,0
          103.87285,1.38932,0
          103.87297,1.38942,0
          103.8731,1.38952,0
          103.87331,1.3897,0
          103.87341,1.38979,0
          103.87343,1.38981,0
          103.87346,1.38986,0
          103.87348,1.3899,0
          103.87349,1.38993,0
          103.87351,1.38999,0
          103.87353,1.39004,0
          103.87355,1.39027,0
          103.87358,1.39054,0
          103.8736,1.39068,0
          103.87361,1.39081,0
          103.87362,1.39088,0
          103.87362,1.39092,0
          103.87363,1.39099,0
          103.87367,1.39098,0
          103.87376,1.39098,0
          103.87438,1.39091,0
          103.8749,1.39087,0
          103.87521,1.39083,0
          103.87528,1.39087,0
          103.8753,1.39088,0
          103.87533,1.39089,0
          103.87536,1.3909,0
          103.87537,1.39091,0
          103.87539,1.39092,0
          103.87545,1.39097,0
          103.87547,1.39099,0
          103.8755,1.39101,0
          103.87557,1.39101,0
          103.87562,1.39155,0
          103.87565,1.39176,0
          103.8757,1.39227,0
          103.87574,1.39262,0
          103.87575,1.39273,0
          103.87578,1.39273,0
          103.87586,1.39273,0
          103.87589,1.39273,0
          103.87594,1.39273,0
          103.87594,1.39271,0
          103.87594,1.39268,0
          103.87595,1.39266,0
          103.87596,1.39263,0
          103.87599,1.39259,0
          103.87606,1.39251,0
          103.87613,1.39242,0
          103.87618,1.39234,0
          103.87629,1.3922,0
          103.87617,1.39213,0
          103.87622,1.39206,0
          103.87625,1.392,0
          103.87624,1.39199,0
        </coordinates>
      </LineString>
    </Placemark>
    <Placemark>
      <name>Woodleigh, Singapore</name>
      <styleUrl>#icon-1899-DB4436-nodesc</styleUrl>
      <Point>
        <coordinates>
          103.8708279,1.3382138,0
        </coordinates>
      </Point>
    </Placemark>
    <Placemark>
      <name>Fernvale Road, Fernvale LRT Station (SW5), Singapore</name>
      <styleUrl>#icon-1899-DB4436-nodesc</styleUrl>
      <Point>
        <coordinates>
          103.8762355,1.3919861,0
        </coordinates>
      </Point>
    </Placemark>
  </Document>
</kml>
