<?xml version="1.0" encoding="UTF-8"?>
<kml xmlns="http://www.opengis.net/kml/2.2">
  <Document>
    <name>Pandan Leaf</name>
    <Style id="icon-1899-DB4436-nodesc-normal">
      <IconStyle>
        <color>ff3644db</color>
        <scale>1</scale>
        <Icon>
          <href>https://www.gstatic.com/mapspro/images/stock/503-wht-blank_maps.png</href>
        </Icon>
        <hotSpot x="32" xunits="pixels" y="64" yunits="insetPixels"/>
      </IconStyle>
      <LabelStyle>
        <scale>0</scale>
      </LabelStyle>
      <BalloonStyle>
        <text><![CDATA[<h3>$[name]</h3>]]></text>
      </BalloonStyle>
    </Style>
    <Style id="icon-1899-DB4436-nodesc-highlight">
      <IconStyle>
        <color>ff3644db</color>
        <scale>1</scale>
        <Icon>
          <href>https://www.gstatic.com/mapspro/images/stock/503-wht-blank_maps.png</href>
        </Icon>
        <hotSpot x="32" xunits="pixels" y="64" yunits="insetPixels"/>
      </IconStyle>
      <LabelStyle>
        <scale>1</scale>
      </LabelStyle>
      <BalloonStyle>
        <text><![CDATA[<h3>$[name]</h3>]]></text>
      </BalloonStyle>
    </Style>
    <StyleMap id="icon-1899-DB4436-nodesc">
      <Pair>
        <key>normal</key>
        <styleUrl>#icon-1899-DB4436-nodesc-normal</styleUrl>
      </Pair>
      <Pair>
        <key>highlight</key>
        <styleUrl>#icon-1899-DB4436-nodesc-highlight</styleUrl>
      </Pair>
    </StyleMap>
    <Style id="line-1267FF-5000-nodesc-normal">
      <LineStyle>
        <color>ffff6712</color>
        <width>5</width>
      </LineStyle>
      <BalloonStyle>
        <text><![CDATA[<h3>$[name]</h3>]]></text>
      </BalloonStyle>
    </Style>
    <Style id="line-1267FF-5000-nodesc-highlight">
      <LineStyle>
        <color>ffff6712</color>
        <width>7.5</width>
      </LineStyle>
      <BalloonStyle>
        <text><![CDATA[<h3>$[name]</h3>]]></text>
      </BalloonStyle>
    </Style>
    <StyleMap id="line-1267FF-5000-nodesc">
      <Pair>
        <key>normal</key>
        <styleUrl>#line-1267FF-5000-nodesc-normal</styleUrl>
      </Pair>
      <Pair>
        <key>highlight</key>
        <styleUrl>#line-1267FF-5000-nodesc-highlight</styleUrl>
      </Pair>
    </StyleMap>
    <Placemark>
      <name>Pandan Leaf</name>
      <styleUrl>#line-1267FF-5000-nodesc</styleUrl>
      <LineString>
        <tessellate>1</tessellate>
        <coordinates>
          103.73277,1.34252,0
          103.73436,1.34132,0
          103.73437,1.34126,0
          103.73445,1.34117,0
          103.73446,1.34115,0
          103.73447,1.34114,0
          103.73451,1.34101,0
          103.73452,1.34094,0
          103.73449,1.34079,0
          103.73448,1.34068,0
          103.73429,1.34033,0
          103.73408,1.33979,0
          103.73399,1.33939,0
          103.73394,1.33904,0
          103.73393,1.33875,0
          103.73395,1.33849,0
          103.73409,1.33781,0
          103.73416,1.33758,0
          103.73434,1.33716,0
          103.73524,1.33574,0
          103.73562,1.33528,0
          103.73641,1.3344,0
          103.73747,1.3334,0
          103.7375,1.33329,0
          103.7375,1.33325,0
          103.73749,1.33323,0
          103.73749,1.33319,0
          103.73742,1.33297,0
          103.73751,1.33303,0
          103.73767,1.33322,0
          103.73761,1.33327,0
          103.73767,1.33334,0
          103.73772,1.33329,0
          103.73777,1.33336,0
          103.73787,1.33327,0
          103.73837,1.33291,0
          103.73862,1.33276,0
          103.74029,1.3316,0
          103.74069,1.33136,0
          103.74095,1.33139,0
          103.74097,1.33132,0
          103.74105,1.33133,0
          103.74104,1.33131,0
          103.74109,1.33126,0
          103.74114,1.33136,0
          103.7414,1.33177,0
          103.74159,1.332,0
          103.74167,1.33195,0
          103.74166,1.33193,0
          103.74163,1.33192,0
          103.7417,1.33178,0
          103.7418,1.33181,0
          103.74187,1.3318,0
          103.7421,1.33168,0
          103.74214,1.33167,0
          103.7422,1.33164,0
          103.74239,1.33161,0
          103.74263,1.33161,0
          103.74281,1.33166,0
          103.74305,1.33176,0
          103.7432,1.33185,0
          103.74333,1.33179,0
          103.74353,1.33156,0
          103.74382,1.33129,0
          103.74379,1.33126,0
          103.74404,1.33106,0
          103.74451,1.33076,0
          103.74453,1.33073,0
          103.74453,1.3307,0
          103.74551,1.33008,0
          103.74541,1.32995,0
          103.74538,1.32996,0
          103.74542,1.33002,0
          103.74553,1.32997,0
          103.74554,1.32996,0
          103.74587,1.32981,0
          103.74586,1.32979,0
          103.74586,1.32977,0
          103.74597,1.32971,0
          103.74598,1.32973,0
          103.74591,1.32978,0
          103.74586,1.3298,0
          103.74583,1.32985,0
          103.74589,1.3299,0
          103.74583,1.32993,0
          103.74583,1.32996,0
          103.74584,1.32999,0
          103.74582,1.33001,0
          103.74581,1.33001,0
          103.74554,1.32961,0
          103.7452,1.32919,0
          103.7452,1.32913,0
          103.74519,1.32909,0
          103.74503,1.32882,0
          103.74493,1.32869,0
          103.74487,1.32857,0
          103.74487,1.32854,0
          103.74486,1.32852,0
          103.74486,1.32842,0
          103.74489,1.32833,0
          103.74502,1.32815,0
          103.74507,1.32806,0
          103.74508,1.32802,0
          103.74542,1.32751,0
          103.74562,1.32709,0
          103.74576,1.32691,0
          103.7457,1.32687,0
          103.7458,1.32649,0
          103.74585,1.32618,0
          103.74586,1.32602,0
          103.74592,1.32607,0
          103.74595,1.32604,0
          103.74596,1.32602,0
          103.74587,1.32594,0
          103.7459,1.32533,0
          103.74598,1.32534,0
          103.74596,1.32564,0
          103.74595,1.32567,0
          103.74572,1.32566,0
          103.7457,1.32565,0
          103.74554,1.32565,0
          103.74557,1.32509,0
          103.74558,1.32508,0
          103.74558,1.32507,0
          103.74559,1.32507,0
          103.74563,1.32504,0
          103.74561,1.32432,0
          103.7456,1.32426,0
          103.7456,1.32421,0
          103.74546,1.32411,0
          103.74532,1.32403,0
          103.7452,1.32398,0
          103.74464,1.32395,0
          103.74422,1.32397,0
          103.74419,1.32398,0
          103.74418,1.324,0
          103.74417,1.32401,0
          103.74417,1.32402,0
          103.74416,1.32403,0
          103.74415,1.32403,0
          103.74415,1.32404,0
          103.74414,1.32404,0
          103.74413,1.32405,0
          103.74382,1.3241,0
          103.74357,1.32418,0
          103.74353,1.32418,0
          103.74333,1.32369,0
          103.74345,1.32365,0
          103.74351,1.32365,0
          103.74352,1.32364,0
          103.74354,1.32363,0
          103.74351,1.32359,0
          103.74347,1.3235,0
          103.74347,1.32349,0
          103.74346,1.32349,0
          103.74346,1.32348,0
          103.74345,1.32348,0
          103.74332,1.32342,0
          103.74333,1.32333,0
          103.74328,1.32331,0
          103.74312,1.32328,0
          103.74312,1.32325,0
          103.74323,1.32279,0
          103.74333,1.3225,0
          103.74333,1.32248,0
          103.74334,1.32246,0
          103.74334,1.32245,0
          103.74335,1.32245,0
          103.74335,1.32244,0
          103.74336,1.32243,0
          103.74339,1.32242,0
          103.74339,1.32239,0
          103.74343,1.32215,0
          103.74343,1.32187,0
          103.74345,1.32159,0
          103.74252,1.32181,0
          103.74248,1.32162,0
          103.74232,1.32164,0
          103.74216,1.32164,0
          103.74213,1.32165,0
          103.74207,1.32165,0
          103.74178,1.32171,0
          103.74168,1.32121,0
          103.74168,1.32118,0
          103.74134,1.32126,0
          103.74132,1.32124,0
          103.7413,1.32117,0
          103.74128,1.32102,0
          103.74118,1.32061,0
          103.74117,1.3206,0
          103.74112,1.3206,0
          103.74111,1.32059,0
          103.7411,1.32057,0
          103.7411,1.32054,0
          103.74107,1.32042,0
          103.74113,1.32041,0
          103.74112,1.32032,0
          103.74095,1.31952,0
          103.73827,1.32008,0
          103.73829,1.32015,0
          103.74294,1.31917,0
          103.74292,1.31906,0
          103.74906,1.31769,0
          103.74909,1.31769,0
          103.74938,1.31763,0
          103.75011,1.31739,0
          103.75046,1.31717,0
          103.75057,1.31708,0
          103.75078,1.31687,0
          103.75275,1.31468,0
          103.75281,1.31475,0
          103.75285,1.31478,0
          103.75294,1.31482,0
          103.75325,1.31486,0
          103.75328,1.31493,0
          103.7535,1.31483,0
          103.75406,1.31465,0
          103.75456,1.31446,0
          103.75486,1.31428,0
          103.7554,1.31491,0
          103.75566,1.31526,0
          103.75569,1.31532,0
          103.75574,1.31551,0
          103.7557,1.31625,0
          103.75573,1.31641,0
          103.7558,1.31656,0
          103.75592,1.31669,0
          103.75649,1.31705,0
          103.7578,1.31528,0
          103.75931,1.31376,0
          103.75951,1.31358,0
          103.75999,1.31309,0
          103.76009,1.31293,0
          103.76016,1.31279,0
          103.76016,1.31266,0
          103.76017,1.31258,0
          103.76018,1.3117,0
          103.76017,1.31161,0
          103.76011,1.31139,0
          103.75988,1.31112,0
          103.75907,1.31036,0
          103.75905,1.31033,0
          103.759,1.31028,0
          103.75903,1.31026,0
          103.75919,1.3101,0
          103.76326,1.30652,0
          103.76339,1.30642,0
          103.76364,1.30615,0
          103.76378,1.30593,0
          103.76417,1.30515,0
          103.76435,1.30473,0
          103.76536,1.30268,0
          103.76528,1.30257,0
          103.76519,1.30249,0
          103.76518,1.30247,0
          103.76521,1.3024,0
          103.76526,1.3024,0
          103.76529,1.30241,0
          103.76532,1.30243,0
          103.76537,1.30245,0
          103.76539,1.30245,0
          103.76543,1.30246,0
          103.76545,1.30246,0
          103.76558,1.30207,0
          103.76644,1.3,0
          103.76645,1.29999,0
          103.76648,1.29992,0
          103.76501,1.29953,0
          103.76494,1.29952,0
          103.76348,1.29913,0
          103.76338,1.29909,0
          103.76335,1.29916,0
          103.76327,1.29912,0
          103.76329,1.29909,0
          103.76311,1.29901,0
          103.76312,1.29898,0
          103.76292,1.29888,0
          103.76293,1.29885,0
          103.7629,1.29882,0
          103.76286,1.29881,0
          103.76284,1.2988,0
          103.7628,1.2988,0
          103.76279,1.29881,0
          103.76278,1.29881,0
          103.76277,1.29883,0
          103.76273,1.29882,0
          103.76273,1.29879,0
          103.76272,1.29878,0
          103.76272,1.29877,0
          103.76269,1.29877,0
          103.76269,1.29869,0
          103.76266,1.2987,0
          103.76264,1.2987,0
          103.76263,1.29871,0
          103.76263,1.29872,0
          103.76262,1.29872,0
          103.76261,1.29874,0
          103.7626,1.29875,0
          103.76205,1.29857,0
          103.76204,1.29855,0
          103.76204,1.29854,0
          103.76203,1.29854,0
          103.76202,1.29852,0
          103.76198,1.29852,0
          103.76197,1.29853,0
          103.76193,1.29844,0
          103.76192,1.29844,0
          103.76192,1.29842,0
          103.76191,1.29842,0
          103.76191,1.2984,0
          103.7619,1.2984,0
          103.76189,1.29835,0
          103.76188,1.29835,0
          103.76188,1.29832,0
          103.76187,1.29832,0
          103.76186,1.29822,0
          103.76185,1.29822,0
          103.76185,1.29809,0
          103.76186,1.29809,0
          103.76186,1.29807,0
          103.76187,1.29803,0
          103.76187,1.29801,0
          103.76188,1.29801,0
          103.76188,1.29799,0
          103.76189,1.29799,0
          103.76189,1.29797,0
          103.7619,1.29797,0
          103.76191,1.29794,0
          103.76193,1.29793,0
          103.76193,1.29792,0
          103.76195,1.2979,0
          103.76195,1.29789,0
          103.76196,1.29789,0
          103.76196,1.29788,0
          103.76197,1.29788,0
          103.76197,1.29787,0
          103.76199,1.29785,0
          103.76199,1.29784,0
          103.762,1.29784,0
          103.762,1.29783,0
          103.76201,1.29782,0
          103.76201,1.29781,0
          103.76202,1.29781,0
          103.76202,1.2978,0
          103.76203,1.2978,0
          103.76203,1.29778,0
          103.76204,1.29778,0
          103.76204,1.29777,0
          103.76205,1.29776,0
          103.76205,1.29775,0
          103.76206,1.29775,0
          103.76206,1.29773,0
          103.76207,1.29772,0
          103.76207,1.2977,0
          103.76208,1.2977,0
          103.76208,1.29767,0
          103.76209,1.29767,0
          103.76209,1.29764,0
          103.7621,1.29764,0
          103.76208,1.29746,0
          103.76203,1.29734,0
          103.76195,1.29724,0
          103.76193,1.2972,0
          103.76193,1.29713,0
          103.76175,1.29717,0
          103.76177,1.29714,0
          103.76175,1.2971,0
          103.76172,1.29708,0
          103.76169,1.29707,0
          103.76157,1.29706,0
          103.76155,1.29703,0
          103.76154,1.29693,0
          103.76143,1.297,0
          103.7614,1.29701,0
          103.76111,1.29721,0
          103.76097,1.29735,0
          103.76094,1.29739,0
          103.76089,1.29743,0
          103.76062,1.29778,0
          103.76039,1.29814,0
          103.76033,1.29828,0
          103.7603,1.29842,0
          103.7603,1.29845,0
          103.76029,1.29847,0
          103.76026,1.29846,0
          103.76026,1.29837,0
          103.76029,1.29824,0
          103.76038,1.29806,0
          103.76078,1.29748,0
          103.76087,1.29739,0
          103.76099,1.29725,0
          103.76108,1.29719,0
          103.76134,1.29698,0
          103.76158,1.29682,0
          103.7617,1.29676,0
          103.76169,1.29672,0
          103.76169,1.29664,0
          103.76171,1.29661,0
          103.76175,1.29663,0
          103.76178,1.29663,0
          103.76181,1.29661,0
          103.76186,1.29641,0
          103.76185,1.29638,0
          103.76185,1.29635,0
          103.76182,1.29628,0
          103.7618,1.29626,0
          103.76178,1.29625,0
          103.76177,1.29624,0
          103.76175,1.29624,0
          103.76173,1.29623,0
          103.76171,1.29621,0
          103.7617,1.29619,0
          103.7617,1.29618,0
          103.76169,1.29617,0
          103.76169,1.29616,0
          103.7617,1.29614,0
          103.7617,1.29613,0
          103.76171,1.29611,0
          103.76176,1.29606,0
          103.76176,1.29601,0
          103.76173,1.29594,0
          103.76186,1.29591,0
          103.76202,1.29589,0
          103.76212,1.29591,0
          103.76215,1.29591,0
          103.76217,1.29592,0
          103.76219,1.29592,0
          103.76223,1.29594,0
          103.7623,1.29593,0
          103.76253,1.29577,0
          103.76287,1.29549,0
          103.76294,1.29541,0
          103.76305,1.29531,0
          103.76306,1.29529,0
          103.76307,1.29528,0
          103.7631,1.29519,0
          103.7631,1.29514,0
          103.76313,1.29495,0
          103.76319,1.29486,0
          103.76335,1.29475,0
          103.76338,1.29472,0
          103.76339,1.2947,0
          103.76339,1.29467,0
          103.7634,1.29466,0
          103.76339,1.29465,0
          103.76339,1.29464,0
          103.76338,1.29463,0
          103.76337,1.29461,0
          103.7633,1.29456,0
          103.76322,1.29448,0
          103.76319,1.29444,0
          103.76319,1.29443,0
          103.76317,1.29439,0
          103.76316,1.29435,0
          103.76316,1.29429,0
          103.76349,1.29403,0
          103.76351,1.294,0
          103.76354,1.29391,0
          103.76354,1.29384,0
          103.76351,1.29378,0
          103.76376,1.29369,0
          103.76387,1.29367,0
          103.76408,1.29366,0
          103.7641,1.29362,0
          103.7642,1.29348,0
          103.7645,1.29313,0
          103.76541,1.29235,0
          103.76544,1.29231,0
          103.76593,1.29186,0
          103.76608,1.29175,0
          103.76612,1.29174,0
          103.76614,1.29173,0
          103.7663,1.29174,0
          103.76633,1.29175,0
          103.76638,1.29175,0
          103.76647,1.29172,0
          103.76655,1.29167,0
          103.76658,1.29166,0
          103.76662,1.29161,0
          103.76663,1.29161,0
          103.76665,1.29158,0
          103.76668,1.29155,0
          103.76673,1.29147,0
          103.7672,1.29102,0
          103.76722,1.29101,0
          103.76733,1.29092,0
          103.76742,1.29088,0
          103.76743,1.29089,0
          103.76744,1.29089,0
          103.76745,1.29088,0
          103.76781,1.29066,0
          103.76799,1.29058,0
          103.76804,1.29055,0
          103.7685,1.29036,0
          103.76922,1.29014,0
          103.76929,1.29014,0
          103.76948,1.29,0
          103.7695,1.29004,0
          103.7695,1.29005,0
          103.76951,1.29005,0
          103.76951,1.29006,0
          103.76952,1.29006,0
          103.76952,1.29007,0
          103.76985,1.29007,0
          103.76986,1.29006,0
          103.76988,1.29006,0
          103.7699,1.29004,0
          103.76991,1.29004,0
          103.76991,1.29003,0
          103.76992,1.29003,0
          103.76993,1.29002,0
          103.76993,1.29001,0
          103.76994,1.29,0
          103.76994,1.28999,0
          103.76995,1.28998,0
          103.76995,1.28995,0
          103.77032,1.28999,0
          103.77037,1.28998,0
          103.77037,1.28999,0
          103.77038,1.28999,0
          103.77038,1.29,0
          103.77049,1.29,0
          103.77056,1.28998,0
          103.77062,1.28998,0
          103.77073,1.29002,0
          103.7708,1.28992,0
          103.77083,1.28991,0
          103.77085,1.28989,0
          103.77089,1.28987,0
          103.77196,1.28951,0
          103.77216,1.28948,0
          103.77222,1.2895,0
          103.77234,1.28952,0
          103.77243,1.28952,0
          103.77353,1.28915,0
          103.77351,1.28909,0
          103.77335,1.28917,0
          103.77345,1.28945,0
          103.7736,1.28939,0
          103.77359,1.28936,0
          103.77314,1.28951,0
          103.77318,1.28961,0
          103.77319,1.28961,0
          103.77321,1.2896,0
          103.77325,1.28968,0
          103.77325,1.28969,0
          103.77324,1.28969,0
          103.77324,1.2897,0
          103.77319,1.28972,0
          103.77318,1.28972,0
          103.77318,1.28974,0
          103.77358,1.29042,0
          103.77358,1.29043,0
          103.77359,1.29043,0
          103.7736,1.29044,0
          103.77361,1.29046,0
          103.77365,1.29051,0
          103.77335,1.29065,0
          103.77332,1.29067,0
          103.7739,1.29204,0
          103.77384,1.29224,0
          103.77352,1.29261,0
          103.77308,1.29299,0
          103.7729,1.2931,0
          103.77257,1.29325,0
          103.77237,1.29332,0
          103.77223,1.29335,0
          103.7722,1.29359,0
          103.7723,1.29385,0
          103.77236,1.29394,0
          103.77268,1.29418,0
          103.77277,1.29429,0
          103.773,1.29481,0
          103.77307,1.29491,0
          103.77319,1.29497,0
          103.77334,1.29496,0
          103.77342,1.29493,0
          103.77347,1.2949,0
          103.7739,1.29443,0
          103.77395,1.29448,0
          103.77352,1.29496,0
          103.77345,1.295,0
          103.77336,1.29503,0
          103.77317,1.29504,0
          103.77308,1.29501,0
          103.77302,1.29496,0
          103.77293,1.29485,0
          103.77274,1.29438,0
          103.77263,1.29423,0
          103.77237,1.29404,0
          103.77223,1.29389,0
          103.77214,1.29364,0
          103.77183,1.29368,0
          103.77155,1.29375,0
          103.77145,1.29379,0
          103.77132,1.29386,0
          103.77098,1.29413,0
          103.77095,1.29417,0
          103.7709,1.29427,0
          103.77086,1.29441,0
          103.77082,1.2945,0
          103.77078,1.29476,0
          103.77078,1.29487,0
          103.77076,1.29494,0
          103.77067,1.29505,0
          103.77063,1.29508,0
          103.7706,1.29509,0
          103.77061,1.29516,0
          103.77066,1.2953,0
          103.77084,1.29563,0
          103.7709,1.29578,0
          103.77098,1.29627,0
          103.7715,1.29623,0
          103.77182,1.29625,0
          103.77218,1.29636,0
          103.77222,1.29639,0
          103.77226,1.29641,0
          103.77252,1.29663,0
          103.77276,1.29692,0
          103.77299,1.29738,0
          103.773,1.29745,0
          103.77308,1.29771,0
          103.7731,1.29774,0
          103.77312,1.2978,0
          103.77317,1.29787,0
          103.77321,1.29791,0
          103.77323,1.29794,0
          103.77371,1.29825,0
          103.77394,1.29845,0
          103.77397,1.29851,0
          103.77409,1.29865,0
          103.77422,1.29883,0
          103.77445,1.29928,0
          103.77439,1.29931,0
          103.77442,1.29936,0
          103.77448,1.29962,0
          103.7745,1.29964,0
          103.77449,1.29986,0
          103.77448,1.29988,0
          103.77447,1.29996,0
          103.77443,1.30011,0
          103.77438,1.30024,0
          103.77425,1.30049,0
          103.7742,1.30049,0
          103.77419,1.3005,0
          103.77417,1.3005,0
          103.77417,1.30051,0
          103.77416,1.30051,0
          103.77414,1.30053,0
          103.77413,1.30053,0
          103.77408,1.30063,0
          103.77367,1.3009,0
          103.77338,1.30104,0
          103.77336,1.30098,0
          103.77335,1.30097,0
          103.77336,1.30096,0
          103.77349,1.30091,0
          103.77363,1.30084,0
          103.77405,1.30057,0
          103.77413,1.30054,0
          103.77416,1.30051,0
          103.77417,1.30051,0
          103.77417,1.3005,0
          103.77419,1.3005,0
          103.7742,1.30049,0
          103.77425,1.30049,0
          103.77432,1.30051,0
          103.77445,1.30027,0
          103.77452,1.30006,0
          103.77456,1.29987,0
          103.77457,1.29967,0
          103.77461,1.29967,0
          103.77469,1.29965,0
          103.77474,1.29958,0
          103.77478,1.29948,0
          103.77478,1.29937,0
          103.77488,1.29919,0
          103.77489,1.29916,0
          103.77513,1.299,0
          103.77533,1.29891,0
          103.77535,1.29891,0
          103.77541,1.29889,0
          103.77568,1.29889,0
          103.77591,1.29892,0
          103.77611,1.29891,0
          103.77625,1.29887,0
          103.77644,1.29879,0
          103.77662,1.29868,0
          103.77673,1.29855,0
          103.77683,1.29838,0
          103.77695,1.29824,0
          103.77722,1.29797,0
          103.77747,1.29779,0
          103.77797,1.29756,0
          103.77891,1.29721,0
          103.77911,1.29716,0
          103.77937,1.29715,0
          103.77947,1.29716,0
          103.78014,1.29741,0
          103.78072,1.29749,0
          103.78122,1.29751,0
          103.78141,1.29748,0
          103.78156,1.29744,0
          103.78174,1.29734,0
          103.78178,1.2973,0
          103.78182,1.29728,0
          103.78187,1.29723,0
          103.78196,1.29716,0
          103.78204,1.29712,0
          103.78219,1.29709,0
          103.78217,1.29702,0
          103.78226,1.29699,0
          103.7824,1.29697,0
          103.78248,1.29697,0
          103.78251,1.29696,0
          103.78265,1.29694,0
          103.78283,1.29686,0
          103.78285,1.29679,0
          103.78285,1.29677,0
          103.78288,1.29674,0
          103.78296,1.29673,0
          103.783,1.29669,0
          103.78323,1.29652,0
          103.78346,1.29631,0
          103.78361,1.29613,0
          103.78377,1.2959,0
          103.78396,1.29557,0
          103.78403,1.29549,0
          103.78404,1.29541,0
          103.78411,1.29534,0
          103.78413,1.29534,0
          103.78414,1.29533,0
          103.78415,1.2953,0
          103.78476,1.29442,0
          103.78481,1.29433,0
          103.78482,1.29429,0
          103.78463,1.29421,0
          103.78466,1.29415,0
          103.78452,1.29409,0
          103.78448,1.29375,0
          103.78447,1.29372,0
          103.78443,1.29369,0
          103.78427,1.2937,0
        </coordinates>
      </LineString>
    </Placemark>
    <Placemark>
      <name>Boon Lay Way, Chinese Garden MRT Station (EW25), Singapore</name>
      <styleUrl>#icon-1899-DB4436-nodesc</styleUrl>
      <Point>
        <coordinates>
          103.7327654,1.3425161,0
        </coordinates>
      </Point>
    </Placemark>
    <Placemark>
      <name>South Buona Vista Road, Kent Ridge MRT Station (CC24), Singapore</name>
      <styleUrl>#icon-1899-DB4436-nodesc</styleUrl>
      <Point>
        <coordinates>
          103.7842661,1.2936955,0
        </coordinates>
      </Point>
    </Placemark>
  </Document>
</kml>
