<?xml version="1.0" encoding="UTF-8"?>
<kml xmlns="http://www.opengis.net/kml/2.2">
  <Document>
    <name>Pulau NTU</name>
    <Style id="icon-1899-DB4436-nodesc-normal">
      <IconStyle>
        <color>ff3644db</color>
        <scale>1</scale>
        <Icon>
          <href>https://www.gstatic.com/mapspro/images/stock/503-wht-blank_maps.png</href>
        </Icon>
        <hotSpot x="32" xunits="pixels" y="64" yunits="insetPixels"/>
      </IconStyle>
      <LabelStyle>
        <scale>0</scale>
      </LabelStyle>
      <BalloonStyle>
        <text><![CDATA[<h3>$[name]</h3>]]></text>
      </BalloonStyle>
    </Style>
    <Style id="icon-1899-DB4436-nodesc-highlight">
      <IconStyle>
        <color>ff3644db</color>
        <scale>1</scale>
        <Icon>
          <href>https://www.gstatic.com/mapspro/images/stock/503-wht-blank_maps.png</href>
        </Icon>
        <hotSpot x="32" xunits="pixels" y="64" yunits="insetPixels"/>
      </IconStyle>
      <LabelStyle>
        <scale>1</scale>
      </LabelStyle>
      <BalloonStyle>
        <text><![CDATA[<h3>$[name]</h3>]]></text>
      </BalloonStyle>
    </Style>
    <StyleMap id="icon-1899-DB4436-nodesc">
      <Pair>
        <key>normal</key>
        <styleUrl>#icon-1899-DB4436-nodesc-normal</styleUrl>
      </Pair>
      <Pair>
        <key>highlight</key>
        <styleUrl>#icon-1899-DB4436-nodesc-highlight</styleUrl>
      </Pair>
    </StyleMap>
    <Style id="line-1267FF-5000-nodesc-normal">
      <LineStyle>
        <color>ffff6712</color>
        <width>5</width>
      </LineStyle>
      <BalloonStyle>
        <text><![CDATA[<h3>$[name]</h3>]]></text>
      </BalloonStyle>
    </Style>
    <Style id="line-1267FF-5000-nodesc-highlight">
      <LineStyle>
        <color>ffff6712</color>
        <width>7.5</width>
      </LineStyle>
      <BalloonStyle>
        <text><![CDATA[<h3>$[name]</h3>]]></text>
      </BalloonStyle>
    </Style>
    <StyleMap id="line-1267FF-5000-nodesc">
      <Pair>
        <key>normal</key>
        <styleUrl>#line-1267FF-5000-nodesc-normal</styleUrl>
      </Pair>
      <Pair>
        <key>highlight</key>
        <styleUrl>#line-1267FF-5000-nodesc-highlight</styleUrl>
      </Pair>
    </StyleMap>
    <Placemark>
      <name>Pulau NTU</name>
      <styleUrl>#line-1267FF-5000-nodesc</styleUrl>
      <LineString>
        <tessellate>1</tessellate>
        <coordinates>
          103.69737,1.33752,0
          103.69747,1.33753,0
          103.69875,1.33752,0
          103.69857,1.3383,0
          103.6981,1.33946,0
          103.69807,1.3395,0
          103.69784,1.34,0
          103.69756,1.34043,0
          103.69729,1.34077,0
          103.69669,1.34132,0
          103.69654,1.34139,0
          103.69655,1.34146,0
          103.69647,1.34153,0
          103.69646,1.34153,0
          103.69628,1.34169,0
          103.69633,1.34174,0
          103.69623,1.34184,0
          103.6961,1.34194,0
          103.69505,1.34331,0
          103.69499,1.34327,0
          103.69496,1.34331,0
          103.69356,1.3422,0
          103.69353,1.34205,0
          103.6935,1.34206,0
          103.69348,1.34206,0
          103.69346,1.34207,0
          103.69347,1.34213,0
          103.6934,1.34207,0
          103.6934,1.34206,0
          103.69327,1.34195,0
          103.69246,1.34291,0
          103.69104,1.34178,0
          103.69094,1.34172,0
          103.69081,1.34168,0
          103.69079,1.34168,0
          103.69076,1.34167,0
          103.69029,1.3417,0
          103.69029,1.34169,0
          103.69022,1.3417,0
          103.69022,1.34171,0
          103.68996,1.34173,0
          103.6899,1.34175,0
          103.68989,1.34176,0
          103.68736,1.34211,0
          103.68732,1.3421,0
          103.68728,1.3421,0
          103.6872,1.34205,0
          103.68716,1.34201,0
          103.68661,1.34261,0
          103.68658,1.34268,0
          103.68657,1.34269,0
          103.68655,1.34269,0
          103.68654,1.34268,0
          103.68652,1.34268,0
          103.68651,1.34267,0
          103.68651,1.34268,0
          103.6865,1.34268,0
          103.6865,1.34271,0
          103.68654,1.34273,0
          103.68655,1.34274,0
          103.68655,1.34276,0
          103.68633,1.34304,0
          103.68626,1.34316,0
          103.68653,1.3434,0
          103.68655,1.34343,0
          103.68655,1.34345,0
          103.68642,1.3436,0
          103.68635,1.34363,0
          103.68611,1.34366,0
          103.68614,1.34351,0
          103.68599,1.34351,0
          103.68585,1.34349,0
          103.68559,1.34337,0
          103.68559,1.34335,0
          103.6856,1.34335,0
          103.6856,1.3433,0
          103.68559,1.34329,0
          103.68559,1.34328,0
          103.68558,1.34328,0
          103.68557,1.34327,0
          103.68556,1.34327,0
          103.68555,1.34326,0
          103.68563,1.3432,0
          103.6853,1.34324,0
          103.68494,1.34325,0
          103.68469,1.34329,0
          103.68451,1.34318,0
          103.68418,1.34293,0
          103.68419,1.34291,0
          103.68419,1.34284,0
          103.68418,1.34284,0
          103.68418,1.34282,0
          103.68417,1.34281,0
          103.68417,1.3428,0
          103.68416,1.3428,0
          103.68414,1.34278,0
          103.68413,1.34278,0
          103.68412,1.34277,0
          103.68405,1.34277,0
          103.68403,1.34278,0
          103.68401,1.34269,0
          103.68399,1.34248,0
          103.68401,1.34234,0
          103.68402,1.34232,0
          103.68378,1.34228,0
          103.68375,1.34254,0
          103.68368,1.34252,0
          103.68357,1.34247,0
          103.68352,1.34225,0
          103.68358,1.34195,0
          103.68352,1.34225,0
          103.68357,1.34247,0
          103.68368,1.34252,0
          103.68368,1.34256,0
          103.68367,1.3426,0
          103.68367,1.34265,0
          103.68366,1.34268,0
          103.68366,1.34274,0
          103.68365,1.34278,0
          103.68366,1.34282,0
          103.68365,1.343,0
          103.68362,1.34306,0
          103.68356,1.34311,0
          103.68349,1.34313,0
          103.68335,1.34311,0
          103.68255,1.34286,0
          103.68251,1.34286,0
          103.68248,1.34287,0
          103.68228,1.34302,0
          103.68131,1.34399,0
          103.68124,1.34415,0
          103.68124,1.34418,0
          103.68125,1.34422,0
          103.68132,1.34431,0
          103.68168,1.34468,0
          103.68151,1.34471,0
          103.68084,1.34469,0
          103.68081,1.3447,0
          103.68078,1.34472,0
          103.68048,1.34444,0
          103.68046,1.34444,0
          103.68045,1.34443,0
          103.68044,1.34444,0
          103.68042,1.34444,0
          103.6803,1.34454,0
          103.68019,1.34468,0
          103.67975,1.3446,0
          103.67975,1.34459,0
          103.67974,1.34459,0
          103.67993,1.3444,0
          103.67986,1.34432,0
          103.67941,1.34407,0
          103.67887,1.34386,0
          103.67847,1.34483,0
          103.67842,1.34502,0
          103.6784,1.34636,0
          103.67835,1.3466,0
          103.67835,1.34663,0
          103.67834,1.34666,0
          103.67834,1.34674,0
          103.67833,1.34678,0
          103.67833,1.34717,0
          103.67895,1.34723,0
          103.67927,1.34734,0
          103.67953,1.34748,0
          103.67957,1.34742,0
          103.67957,1.34737,0
          103.67958,1.34733,0
          103.67958,1.34677,0
          103.67965,1.34678,0
          103.67965,1.34733,0
          103.67963,1.34746,0
          103.68166,1.34863,0
          103.68185,1.34871,0
          103.68181,1.34876,0
          103.68187,1.34879,0
          103.68186,1.34886,0
          103.68187,1.34887,0
          103.68187,1.34889,0
          103.68188,1.34889,0
          103.68188,1.3489,0
          103.6819,1.3489,0
          103.68191,1.34891,0
          103.68193,1.34891,0
          103.68193,1.3489,0
          103.68194,1.3489,0
          103.68197,1.34897,0
          103.68223,1.34906,0
          103.68386,1.34999,0
          103.68407,1.35005,0
          103.68425,1.35006,0
          103.68441,1.35003,0
          103.68463,1.34993,0
          103.68492,1.34971,0
          103.68495,1.34964,0
          103.68493,1.3496,0
          103.68494,1.34956,0
          103.68496,1.34952,0
          103.68494,1.34945,0
          103.685,1.34943,0
          103.68503,1.34943,0
          103.68507,1.34944,0
          103.68508,1.34939,0
          103.68511,1.34932,0
          103.68538,1.34903,0
          103.68551,1.34893,0
          103.68557,1.3489,0
          103.68576,1.34884,0
          103.686,1.34879,0
          103.68618,1.34873,0
          103.68622,1.3487,0
          103.68628,1.34867,0
          103.68647,1.34847,0
          103.68653,1.34817,0
          103.68653,1.34811,0
          103.68654,1.34808,0
          103.6865,1.34766,0
          103.68649,1.34718,0
          103.68654,1.34697,0
          103.68666,1.34677,0
          103.68735,1.34619,0
          103.68779,1.34561,0
          103.68796,1.34577,0
          103.68796,1.34579,0
          103.68785,1.34602,0
          103.68786,1.34605,0
          103.68814,1.34641,0
          103.68823,1.34638,0
          103.6883,1.34637,0
          103.68838,1.34639,0
          103.68842,1.34641,0
          103.68852,1.3465,0
          103.68854,1.34657,0
          103.68865,1.34654,0
          103.68866,1.34653,0
          103.68881,1.34648,0
          103.68889,1.34642,0
          103.68891,1.34642,0
          103.68893,1.34641,0
          103.68906,1.34645,0
          103.68909,1.34647,0
          103.68914,1.34652,0
          103.68914,1.34653,0
          103.68915,1.34655,0
          103.68913,1.34672,0
          103.68914,1.34678,0
          103.68917,1.34686,0
          103.68924,1.34696,0
          103.68928,1.34698,0
          103.68959,1.34702,0
          103.6896,1.34703,0
          103.6896,1.34704,0
          103.68961,1.34704,0
          103.68961,1.34705,0
          103.68962,1.34705,0
          103.68962,1.34706,0
          103.68966,1.3471,0
          103.68967,1.3471,0
          103.68967,1.34711,0
          103.68969,1.34711,0
          103.68969,1.34712,0
          103.6897,1.34712,0
          103.68971,1.34713,0
          103.68973,1.34713,0
          103.68974,1.34714,0
          103.68966,1.34739,0
          103.68969,1.34933,0
          103.68976,1.35069,0
          103.68983,1.35069,0
          103.68973,1.34746,0
          103.68982,1.34714,0
          103.68991,1.34706,0
          103.69012,1.34706,0
          103.69015,1.34705,0
          103.69016,1.34704,0
          103.69024,1.34701,0
          103.69033,1.34692,0
          103.69053,1.34628,0
          103.69065,1.34606,0
          103.69112,1.34504,0
          103.69142,1.34455,0
          103.69245,1.34321,0
          103.69317,1.34235,0
          103.69323,1.34233,0
          103.69328,1.34233,0
          103.6933,1.34232,0
          103.69347,1.34231,0
          103.69634,1.34462,0
          103.69655,1.34485,0
          103.69661,1.34496,0
          103.69668,1.34514,0
          103.69671,1.34528,0
          103.69676,1.3463,0
          103.697,1.34837,0
          103.69721,1.34835,0
          103.69722,1.34842,0
          103.69743,1.3484,0
          103.69742,1.34833,0
          103.69986,1.34807,0
          103.69986,1.34803,0
          103.69993,1.34803,0
          103.69994,1.34806,0
          103.70057,1.34799,0
          103.70071,1.34795,0
          103.70078,1.34791,0
          103.70092,1.34779,0
          103.70211,1.34603,0
          103.70211,1.34593,0
          103.70217,1.34589,0
          103.70218,1.34589,0
          103.70218,1.34592,0
          103.70224,1.34584,0
          103.70223,1.34583,0
          103.70227,1.34577,0
          103.70228,1.34578,0
          103.70233,1.3457,0
          103.70232,1.34569,0
          103.70236,1.34563,0
          103.70237,1.34564,0
          103.70243,1.34555,0
          103.70241,1.34556,0
          103.7024,1.34556,0
          103.7024,1.34555,0
          103.70238,1.3455,0
          103.70238,1.34549,0
          103.70242,1.34548,0
          103.70253,1.3454,0
          103.7027,1.34513,0
          103.70286,1.34492,0
          103.70292,1.34479,0
          103.70304,1.34462,0
          103.70307,1.34455,0
          103.70328,1.34422,0
          103.70338,1.34398,0
          103.70334,1.34397,0
          103.70337,1.34391,0
          103.7034,1.34392,0
          103.70352,1.34352,0
          103.70368,1.34198,0
          103.70375,1.342,0
          103.70382,1.342,0
          103.70403,1.34021,0
          103.70405,1.33986,0
          103.7041,1.33958,0
          103.70418,1.33931,0
          103.70406,1.33887,0
          103.70412,1.33859,0
          103.70418,1.33844,0
          103.70424,1.33847,0
          103.70452,1.33867,0
          103.70454,1.33867,0
          103.70459,1.33869,0
          103.7046,1.33873,0
          103.7044,1.33924,0
          103.7044,1.33928,0
          103.70442,1.33931,0
          103.70454,1.33935,0
          103.70448,1.33953,0
          103.7055,1.33991,0
          103.70577,1.33916,0
          103.70475,1.33878,0
          103.70454,1.33935,0
          103.70442,1.33931,0
          103.7044,1.33928,0
          103.7044,1.33924,0
          103.7046,1.33873,0
          103.70459,1.33869,0
          103.70454,1.33867,0
          103.70452,1.33867,0
          103.70424,1.33847,0
          103.70418,1.33844,0
          103.70443,1.33773,0
          103.70459,1.33737,0
          103.70472,1.3372,0
          103.70489,1.33706,0
          103.70498,1.33701,0
          103.7053,1.33688,0
          103.70538,1.33687,0
          103.70614,1.33652,0
          103.70612,1.33647,0
          103.70609,1.33647,0
          103.70606,1.3364,0
          103.70609,1.3364,0
          103.7061,1.33643,0
          103.70629,1.33631,0
          103.70628,1.33627,0
          103.70633,1.33625,0
          103.70636,1.33626,0
          103.70657,1.3364,0
          103.70669,1.33646,0
          103.70665,1.33654,0
          103.70664,1.33659,0
          103.70664,1.33673,0
          103.70667,1.33684,0
          103.70669,1.33688,0
          103.70675,1.33694,0
          103.70686,1.33701,0
          103.70694,1.33703,0
          103.70706,1.33703,0
          103.70716,1.337,0
          103.70741,1.33753,0
          103.70744,1.3375,0
          103.70759,1.33742,0
          103.70769,1.3374,0
          103.70773,1.3374,0
          103.70783,1.33737,0
          103.708,1.33725,0
          103.70813,1.33737,0
          103.70815,1.3374,0
          103.70818,1.33755,0
          103.70818,1.33759,0
          103.70817,1.33763,0
          103.70818,1.33793,0
          103.70821,1.338,0
          103.7086,1.3384,0
          103.7087,1.33854,0
          103.70876,1.33856,0
          103.70879,1.33856,0
          103.70881,1.33857,0
          103.70896,1.33857,0
          103.709,1.33858,0
          103.70919,1.33847,0
          103.7092,1.33847,0
          103.70928,1.33841,0
          103.70935,1.33841,0
          103.70936,1.33842,0
          103.70937,1.33842,0
          103.70941,1.33845,0
          103.70945,1.33843,0
          103.70948,1.33843,0
          103.70949,1.33842,0
          103.7095,1.33842,0
          103.70951,1.33841,0
          103.70952,1.33841,0
          103.70958,1.33835,0
          103.7096,1.33835,0
          103.70961,1.33834,0
          103.70962,1.33834,0
          103.70963,1.33833,0
          103.70965,1.33832,0
          103.70964,1.33801,0
          103.70956,1.33743,0
          103.70933,1.33649,0
          103.70954,1.33644,0
          103.70956,1.33652,0
          103.70958,1.33647,0
          103.70963,1.33649,0
          103.70964,1.33649,0
          103.70959,1.33666,0
          103.70986,1.33796,0
          103.7099,1.33795,0
          103.71318,1.33766,0
          103.71339,1.33766,0
          103.71397,1.33772,0
          103.71441,1.33785,0
          103.71457,1.33794,0
          103.71459,1.33794,0
          103.71504,1.33819,0
          103.71587,1.33886,0
          103.71589,1.33887,0
          103.71656,1.33941,0
          103.71656,1.33942,0
          103.7198,1.3421,0
          103.72007,1.34223,0
          103.72055,1.34238,0
          103.72095,1.34247,0
          103.72109,1.34248,0
          103.72115,1.34247,0
          103.72127,1.34247,0
          103.72131,1.34248,0
          103.72134,1.34275,0
          103.72148,1.34273,0
          103.72149,1.34275,0
          103.72151,1.34275,0
          103.72152,1.34276,0
          103.72155,1.34288,0
          103.72157,1.34291,0
          103.72181,1.3429,0
          103.72184,1.34287,0
          103.72186,1.34281,0
          103.72183,1.34236,0
          103.72194,1.34232,0
          103.72197,1.34229,0
          103.72198,1.34226,0
          103.72198,1.34222,0
          103.72203,1.34206,0
          103.72215,1.34189,0
          103.72217,1.34188,0
          103.72246,1.34154,0
          103.7228,1.34126,0
          103.72296,1.34117,0
          103.72319,1.34108,0
          103.72357,1.34103,0
          103.7237,1.34103,0
          103.72386,1.34105,0
          103.72444,1.34125,0
          103.72446,1.34119,0
          103.72472,1.34119,0
          103.72501,1.34114,0
          103.72514,1.34105,0
          103.7252,1.34103,0
          103.72523,1.34101,0
          103.72531,1.34093,0
          103.72538,1.34081,0
          103.72544,1.34062,0
          103.72549,1.34053,0
          103.7257,1.34035,0
          103.72574,1.34028,0
          103.72575,1.34024,0
          103.72577,1.3402,0
          103.72587,1.34011,0
          103.72615,1.34002,0
          103.72645,1.33989,0
          103.72672,1.33972,0
          103.72679,1.33965,0
          103.72683,1.33958,0
          103.72686,1.33944,0
          103.72685,1.33924,0
          103.72679,1.33906,0
          103.7266,1.33882,0
          103.72658,1.33877,0
          103.72657,1.33876,0
          103.7265,1.33862,0
          103.7265,1.33853,0
          103.72644,1.33832,0
          103.72644,1.33823,0
          103.72642,1.3382,0
          103.72641,1.33817,0
          103.72641,1.33809,0
          103.72643,1.33804,0
          103.72643,1.33802,0
          103.72646,1.33791,0
          103.72646,1.33784,0
          103.72644,1.33779,0
          103.72643,1.33769,0
          103.72644,1.33763,0
          103.72646,1.33758,0
          103.7266,1.3374,0
          103.72665,1.33728,0
          103.72666,1.3372,0
          103.72665,1.33706,0
          103.72662,1.33702,0
          103.72673,1.33695,0
          103.72676,1.33692,0
          103.72677,1.33688,0
          103.7268,1.33685,0
          103.72687,1.33683,0
          103.72691,1.3368,0
          103.72696,1.33672,0
          103.72694,1.33664,0
          103.72684,1.33649,0
          103.72692,1.33647,0
          103.72695,1.33643,0
          103.72699,1.3364,0
          103.72701,1.33634,0
          103.72703,1.33618,0
          103.72705,1.33613,0
          103.72706,1.33612,0
          103.72706,1.33611,0
          103.72707,1.33611,0
          103.72708,1.3361,0
          103.72728,1.33608,0
          103.72732,1.33604,0
          103.72734,1.33597,0
          103.727,1.33586,0
          103.72677,1.33572,0
          103.72671,1.33566,0
          103.72664,1.33555,0
          103.72652,1.3352,0
          103.72663,1.33513,0
          103.72667,1.33508,0
          103.72669,1.335,0
          103.72669,1.33493,0
          103.72666,1.33486,0
          103.72666,1.33484,0
          103.72667,1.33482,0
          103.72667,1.3348,0
          103.7267,1.33477,0
          103.72677,1.33473,0
          103.72682,1.33468,0
          103.72684,1.33465,0
          103.72685,1.33462,0
          103.72685,1.33453,0
          103.72683,1.33449,0
          103.72679,1.33445,0
          103.72678,1.33443,0
          103.72676,1.33441,0
          103.72675,1.33439,0
          103.72675,1.33434,0
          103.72676,1.33429,0
          103.72676,1.33423,0
          103.72675,1.3342,0
          103.72674,1.33419,0
          103.7267,1.33417,0
          103.72658,1.33417,0
          103.72652,1.33415,0
          103.72649,1.33412,0
          103.72648,1.33409,0
          103.72648,1.33403,0
          103.7265,1.33393,0
          103.7265,1.33386,0
          103.72646,1.33379,0
          103.72645,1.33368,0
          103.7265,1.3337,0
          103.72653,1.3337,0
          103.72674,1.33365,0
          103.72684,1.3336,0
          103.72712,1.33434,0
          103.72733,1.33457,0
          103.72752,1.33472,0
          103.72765,1.33478,0
          103.72779,1.33482,0
          103.72832,1.33492,0
          103.72903,1.335,0
          103.72926,1.33507,0
          103.72928,1.335,0
          103.72932,1.33494,0
          103.72938,1.33488,0
          103.72951,1.33483,0
          103.72962,1.33483,0
          103.72967,1.33484,0
          103.72975,1.33488,0
          103.72979,1.33492,0
          103.73002,1.33478,0
          103.73025,1.3349,0
          103.73038,1.33493,0
          103.73055,1.33499,0
          103.73079,1.33485,0
          103.73091,1.33483,0
          103.731,1.33477,0
          103.73161,1.33448,0
          103.73176,1.33439,0
          103.73184,1.33439,0
          103.73195,1.33437,0
          103.732,1.33434,0
          103.73218,1.33431,0
          103.73255,1.33413,0
          103.7326,1.33406,0
          103.73263,1.334,0
          103.73275,1.33396,0
          103.73288,1.33395,0
          103.73295,1.33397,0
          103.73298,1.33397,0
          103.73309,1.33406,0
          103.73312,1.33411,0
          103.73316,1.33415,0
          103.73321,1.33424,0
          103.73313,1.33452,0
          103.73306,1.33462,0
          103.73301,1.33466,0
          103.7328,1.33477,0
          103.7327,1.33484,0
          103.73266,1.33495,0
          103.73266,1.33498,0
          103.73264,1.33505,0
          103.73264,1.3351,0
          103.73256,1.33524,0
          103.73248,1.33534,0
          103.73229,1.33551,0
          103.73223,1.3356,0
          103.73225,1.33564,0
          103.73227,1.33575,0
          103.73227,1.33579,0
          103.73225,1.33583,0
          103.73216,1.33594,0
          103.73215,1.33597,0
          103.73215,1.336,0
          103.73143,1.33648,0
          103.73126,1.33657,0
          103.73134,1.33664,0
          103.73194,1.33734,0
          103.73203,1.33748,0
          103.73204,1.33752,0
          103.73204,1.33756,0
          103.73203,1.3376,0
          103.73203,1.33763,0
          103.7319,1.33789,0
          103.73184,1.33797,0
          103.7312,1.33852,0
          103.73115,1.3385,0
          103.73099,1.33847,0
          103.73083,1.33847,0
          103.73077,1.33849,0
          103.7307,1.33854,0
          103.73067,1.33855,0
          103.73064,1.33858,0
          103.73059,1.33852,0
          103.73051,1.33855,0
          103.73047,1.33855,0
          103.7304,1.33852,0
          103.73039,1.3385,0
          103.73023,1.33841,0
          103.7302,1.33844,0
          103.7302,1.33845,0
          103.73019,1.33846,0
          103.73018,1.33846,0
          103.73016,1.33847,0
          103.73012,1.33847,0
          103.73012,1.33846,0
          103.7301,1.33845,0
          103.73007,1.33842,0
          103.73001,1.33839,0
          103.73,1.33839,0
          103.72995,1.33836,0
          103.72986,1.33833,0
          103.72973,1.33862,0
          103.72938,1.33842,0
          103.72942,1.33836,0
          103.72945,1.33833,0
          103.72949,1.33838,0
          103.7295,1.33841,0
          103.72951,1.33842,0
          103.72952,1.33842,0
          103.72953,1.33843,0
          103.72955,1.33843,0
          103.72979,1.33849,0
          103.72971,1.33865,0
          103.72969,1.33872,0
          103.72969,1.33888,0
          103.72992,1.33891,0
          103.73034,1.33902,0
          103.73058,1.33915,0
          103.73062,1.33915,0
          103.73064,1.33924,0
          103.73066,1.33924,0
          103.73066,1.33925,0
          103.73067,1.33925,0
          103.73067,1.33926,0
          103.73085,1.3392,0
          103.73086,1.33923,0
          103.73092,1.33926,0
          103.73095,1.33926,0
          103.73096,1.33925,0
          103.73098,1.33925,0
          103.73101,1.33922,0
          103.73107,1.33925,0
          103.73113,1.33931,0
          103.73124,1.33939,0
          103.73128,1.33941,0
          103.73138,1.33936,0
          103.73155,1.33974,0
          103.7324,1.34213,0
          103.73255,1.34268,0
          103.73277,1.34252,0
        </coordinates>
      </LineString>
    </Placemark>
    <Placemark>
      <name>Jurong West Street 63, Pioneer MRT Station (EW28), Singapore</name>
      <styleUrl>#icon-1899-DB4436-nodesc</styleUrl>
      <Point>
        <coordinates>
          103.6973667,1.3375243,0
        </coordinates>
      </Point>
    </Placemark>
    <Placemark>
      <name>Boon Lay Way, Chinese Garden MRT Station (EW25), Singapore</name>
      <styleUrl>#icon-1899-DB4436-nodesc</styleUrl>
      <Point>
        <coordinates>
          103.7327654,1.3425161,0
        </coordinates>
      </Point>
    </Placemark>
  </Document>
</kml>
