<?xml version="1.0" encoding="UTF-8"?>
<kml xmlns="http://www.opengis.net/kml/2.2">
  <Document>
    <name>Sentosa</name>
    <Style id="icon-1899-DB4436-nodesc-normal">
      <IconStyle>
        <color>ff3644db</color>
        <scale>1</scale>
        <Icon>
          <href>https://www.gstatic.com/mapspro/images/stock/503-wht-blank_maps.png</href>
        </Icon>
        <hotSpot x="32" xunits="pixels" y="64" yunits="insetPixels"/>
      </IconStyle>
      <LabelStyle>
        <scale>0</scale>
      </LabelStyle>
      <BalloonStyle>
        <text><![CDATA[<h3>$[name]</h3>]]></text>
      </BalloonStyle>
    </Style>
    <Style id="icon-1899-DB4436-nodesc-highlight">
      <IconStyle>
        <color>ff3644db</color>
        <scale>1</scale>
        <Icon>
          <href>https://www.gstatic.com/mapspro/images/stock/503-wht-blank_maps.png</href>
        </Icon>
        <hotSpot x="32" xunits="pixels" y="64" yunits="insetPixels"/>
      </IconStyle>
      <LabelStyle>
        <scale>1</scale>
      </LabelStyle>
      <BalloonStyle>
        <text><![CDATA[<h3>$[name]</h3>]]></text>
      </BalloonStyle>
    </Style>
    <StyleMap id="icon-1899-DB4436-nodesc">
      <Pair>
        <key>normal</key>
        <styleUrl>#icon-1899-DB4436-nodesc-normal</styleUrl>
      </Pair>
      <Pair>
        <key>highlight</key>
        <styleUrl>#icon-1899-DB4436-nodesc-highlight</styleUrl>
      </Pair>
    </StyleMap>
    <Style id="line-1267FF-5000-nodesc-normal">
      <LineStyle>
        <color>ffff6712</color>
        <width>5</width>
      </LineStyle>
      <BalloonStyle>
        <text><![CDATA[<h3>$[name]</h3>]]></text>
      </BalloonStyle>
    </Style>
    <Style id="line-1267FF-5000-nodesc-highlight">
      <LineStyle>
        <color>ffff6712</color>
        <width>7.5</width>
      </LineStyle>
      <BalloonStyle>
        <text><![CDATA[<h3>$[name]</h3>]]></text>
      </BalloonStyle>
    </Style>
    <StyleMap id="line-1267FF-5000-nodesc">
      <Pair>
        <key>normal</key>
        <styleUrl>#line-1267FF-5000-nodesc-normal</styleUrl>
      </Pair>
      <Pair>
        <key>highlight</key>
        <styleUrl>#line-1267FF-5000-nodesc-highlight</styleUrl>
      </Pair>
    </StyleMap>
    <Placemark>
      <name>Sentosa</name>
      <styleUrl>#line-1267FF-5000-nodesc</styleUrl>
      <LineString>
        <tessellate>1</tessellate>
        <coordinates>
          103.82187,1.2651,0
          103.82197,1.26482,0
          103.82213,1.26368,0
          103.82214,1.26366,0
          103.82214,1.26365,0
          103.82216,1.26364,0
          103.82242,1.26359,0
          103.82261,1.26349,0
          103.82259,1.26316,0
          103.8232,1.26316,0
          103.82328,1.26314,0
          103.82332,1.26314,0
          103.82345,1.26302,0
          103.82353,1.2629,0
          103.82354,1.26287,0
          103.82356,1.26233,0
          103.82353,1.2614,0
          103.82364,1.26139,0
          103.82363,1.26107,0
          103.82375,1.26052,0
          103.82376,1.25927,0
          103.82375,1.25921,0
          103.82373,1.25812,0
          103.82372,1.25809,0
          103.8237,1.25688,0
          103.82368,1.25686,0
          103.82367,1.25683,0
          103.82367,1.2568,0
          103.82366,1.25676,0
          103.82365,1.25658,0
          103.82363,1.25658,0
          103.82363,1.25655,0
          103.82362,1.25654,0
          103.82362,1.25653,0
          103.8236,1.25653,0
          103.82358,1.25654,0
          103.82358,1.25651,0
          103.82357,1.25648,0
          103.82357,1.25643,0
          103.82358,1.25639,0
          103.82359,1.25638,0
          103.82362,1.25637,0
          103.82374,1.25637,0
          103.82377,1.25636,0
          103.82394,1.25634,0
          103.82402,1.25632,0
          103.82408,1.25629,0
          103.82409,1.25629,0
          103.82419,1.25622,0
          103.82423,1.25618,0
          103.82423,1.25615,0
          103.82422,1.25612,0
          103.82419,1.25612,0
          103.82406,1.25626,0
          103.82412,1.25618,0
          103.82427,1.25603,0
          103.82483,1.25538,0
          103.82532,1.25499,0
          103.82544,1.25481,0
          103.82551,1.25448,0
          103.82555,1.2544,0
          103.82558,1.25431,0
          103.82558,1.25422,0
          103.82557,1.25417,0
          103.82611,1.25356,0
          103.82618,1.25345,0
          103.82622,1.25329,0
          103.82621,1.25312,0
          103.82619,1.25305,0
          103.82608,1.25289,0
          103.82512,1.25199,0
          103.82494,1.25177,0
          103.82489,1.25169,0
          103.82488,1.25165,0
          103.82489,1.25163,0
          103.8249,1.25162,0
          103.8249,1.2516,0
          103.82491,1.25158,0
          103.82491,1.25152,0
          103.8249,1.2515,0
          103.82494,1.25141,0
          103.82495,1.25137,0
          103.82501,1.25129,0
          103.82654,1.24987,0
          103.82711,1.24944,0
          103.8272,1.24942,0
          103.82728,1.24942,0
          103.82734,1.24945,0
          103.82743,1.24946,0
          103.8275,1.24944,0
          103.82754,1.24942,0
          103.82757,1.24939,0
          103.82759,1.24938,0
          103.82759,1.24936,0
          103.82812,1.24922,0
          103.82834,1.24909,0
          103.82894,1.24852,0
          103.82927,1.24833,0
          103.82979,1.24818,0
          103.83077,1.24808,0
          103.83095,1.24808,0
          103.83296,1.24789,0
          103.83318,1.24783,0
          103.83333,1.24775,0
          103.83356,1.24758,0
          103.83384,1.2473,0
          103.834,1.2471,0
          103.83446,1.2466,0
          103.83455,1.24654,0
          103.83537,1.2463,0
          103.83579,1.24625,0
          103.83611,1.24631,0
          103.83638,1.24644,0
          103.8366,1.24659,0
          103.83671,1.24669,0
          103.83689,1.24689,0
          103.83689,1.2469,0
          103.83721,1.24734,0
          103.83744,1.24774,0
          103.83752,1.24781,0
          103.83766,1.24789,0
          103.83787,1.24793,0
          103.8381,1.24794,0
          103.83836,1.24787,0
          103.83852,1.2478,0
          103.83852,1.24779,0
          103.83882,1.24766,0
          103.83887,1.24769,0
          103.83891,1.2477,0
          103.83896,1.2477,0
          103.83901,1.24769,0
          103.83919,1.24783,0
          103.83963,1.24823,0
          103.83978,1.24845,0
          103.8401,1.24875,0
          103.84051,1.249,0
          103.8406,1.24898,0
          103.84067,1.24903,0
          103.8407,1.24904,0
          103.84075,1.24904,0
          103.8408,1.24905,0
          103.84097,1.24901,0
          103.841,1.24899,0
          103.84105,1.24905,0
          103.84131,1.2495,0
          103.84141,1.24961,0
          103.8414,1.24965,0
          103.8414,1.24968,0
          103.84142,1.24973,0
          103.84148,1.24979,0
          103.84152,1.24981,0
          103.84158,1.24981,0
          103.84162,1.2498,0
          103.84166,1.24978,0
          103.84197,1.2501,0
          103.8422,1.25041,0
          103.84233,1.25063,0
          103.8425,1.25104,0
          103.84264,1.25146,0
          103.84265,1.25155,0
          103.84263,1.25157,0
          103.84262,1.25159,0
          103.8426,1.25161,0
          103.84259,1.25163,0
          103.84259,1.25167,0
          103.8426,1.25171,0
          103.84263,1.25176,0
          103.84265,1.25178,0
          103.84269,1.2518,0
          103.84269,1.2519,0
          103.84273,1.25195,0
          103.84273,1.25206,0
          103.84274,1.25208,0
          103.84278,1.25212,0
          103.84287,1.25216,0
          103.84291,1.25216,0
          103.84299,1.25213,0
          103.84302,1.25213,0
          103.84304,1.25214,0
          103.84305,1.25214,0
          103.84307,1.25215,0
          103.84311,1.25214,0
          103.84321,1.25214,0
          103.84333,1.25219,0
          103.84345,1.25219,0
          103.84429,1.25238,0
          103.84444,1.25243,0
          103.84448,1.25243,0
          103.84457,1.25246,0
          103.84459,1.25248,0
          103.84459,1.25254,0
          103.8446,1.25257,0
          103.84461,1.25257,0
          103.8447,1.2526,0
          103.84473,1.25262,0
          103.84475,1.25265,0
          103.84493,1.25284,0
          103.84511,1.25297,0
          103.84531,1.25305,0
          103.84577,1.25318,0
          103.84614,1.2532,0
          103.84647,1.25317,0
          103.8465,1.25315,0
          103.84656,1.25313,0
          103.84682,1.253,0
          103.84815,1.25222,0
          103.84828,1.25212,0
          103.84829,1.25209,0
          103.8483,1.25208,0
          103.8483,1.25198,0
          103.8482,1.25134,0
          103.84816,1.2512,0
          103.84803,1.25088,0
          103.84793,1.25071,0
          103.84749,1.25009,0
          103.84726,1.24971,0
          103.84725,1.24971,0
          103.84703,1.24929,0
          103.84682,1.24897,0
          103.84672,1.24889,0
          103.84668,1.24887,0
          103.84668,1.24884,0
          103.8466,1.24865,0
          103.84656,1.24858,0
          103.84647,1.24847,0
          103.84647,1.24846,0
          103.84646,1.24845,0
          103.84646,1.24844,0
          103.84645,1.24843,0
          103.84645,1.24839,0
          103.84644,1.24838,0
          103.84644,1.24837,0
          103.84643,1.24837,0
          103.84642,1.24836,0
          103.84641,1.24836,0
          103.8464,1.24835,0
          103.84639,1.24835,0
          103.84635,1.24831,0
          103.84634,1.24827,0
          103.84625,1.24808,0
          103.84624,1.24808,0
          103.84621,1.24803,0
          103.84611,1.24791,0
          103.84611,1.2479,0
          103.8461,1.2479,0
          103.84599,1.24775,0
          103.84599,1.24774,0
          103.84596,1.24771,0
          103.84595,1.24766,0
          103.84593,1.24763,0
          103.84593,1.24762,0
          103.84583,1.24745,0
          103.84582,1.24745,0
          103.84574,1.24738,0
          103.84572,1.24737,0
          103.8457,1.24735,0
          103.84569,1.24733,0
          103.84568,1.24732,0
          103.84567,1.2473,0
          103.84561,1.24723,0
          103.84561,1.24721,0
          103.84555,1.24714,0
          103.8455,1.24712,0
          103.84549,1.2471,0
          103.84549,1.24707,0
          103.84548,1.24705,0
          103.84547,1.24704,0
          103.84546,1.24704,0
          103.84542,1.24702,0
          103.84542,1.24701,0
          103.84541,1.247,0
          103.8454,1.24697,0
          103.84537,1.24692,0
          103.84529,1.24684,0
          103.84528,1.24684,0
          103.84526,1.24682,0
          103.84523,1.24681,0
          103.84515,1.24672,0
          103.84515,1.24669,0
          103.84514,1.24669,0
          103.84514,1.24668,0
          103.84513,1.24667,0
          103.84512,1.24667,0
          103.84511,1.24666,0
          103.84508,1.24666,0
          103.84507,1.24665,0
          103.84506,1.24665,0
          103.84506,1.24664,0
          103.84505,1.24663,0
          103.84505,1.24662,0
          103.84502,1.24659,0
          103.845,1.24659,0
          103.84498,1.2466,0
          103.84495,1.2466,0
          103.84493,1.24654,0
          103.8449,1.2465,0
          103.84488,1.24645,0
          103.84477,1.24631,0
          103.8447,1.24618,0
          103.84466,1.24614,0
          103.84462,1.24608,0
          103.84458,1.24598,0
          103.84457,1.24597,0
          103.84457,1.24585,0
          103.84456,1.24583,0
          103.8445,1.24579,0
          103.84449,1.24579,0
          103.84447,1.24577,0
          103.84446,1.24575,0
          103.84446,1.24573,0
          103.84445,1.2457,0
          103.84445,1.24568,0
          103.84432,1.24542,0
          103.84432,1.2454,0
          103.84431,1.24538,0
          103.84431,1.24536,0
          103.8443,1.24534,0
          103.84424,1.24528,0
          103.84417,1.24518,0
          103.84414,1.2451,0
          103.84382,1.2447,0
          103.84381,1.24468,0
          103.84354,1.24439,0
          103.8434,1.24427,0
          103.8434,1.24426,0
          103.84335,1.24423,0
          103.84333,1.24423,0
          103.8433,1.24424,0
          103.84329,1.24425,0
          103.84328,1.24418,0
          103.84325,1.24409,0
          103.8432,1.24401,0
          103.84273,1.24356,0
          103.8427,1.24354,0
          103.84182,1.24271,0
          103.8418,1.24266,0
          103.84176,1.2426,0
          103.84176,1.24259,0
          103.84175,1.24258,0
          103.8417,1.24258,0
          103.8417,1.24261,0
          103.84172,1.24266,0
          103.84172,1.24282,0
          103.8417,1.24291,0
          103.84166,1.24301,0
          103.84164,1.24309,0
          103.84165,1.24332,0
          103.84168,1.24348,0
          103.84169,1.24349,0
          103.84184,1.2442,0
          103.84189,1.24437,0
          103.84191,1.24454,0
          103.84194,1.24462,0
          103.84201,1.24471,0
          103.84209,1.24479,0
          103.84214,1.24482,0
          103.84197,1.24515,0
          103.84188,1.24524,0
          103.84183,1.24531,0
          103.84179,1.24541,0
          103.84174,1.24569,0
          103.84173,1.24607,0
          103.84171,1.24615,0
          103.84171,1.2462,0
          103.84182,1.2467,0
          103.84199,1.24717,0
          103.84202,1.2473,0
          103.84202,1.24734,0
          103.84201,1.24736,0
          103.84127,1.2481,0
          103.84124,1.24811,0
          103.84116,1.24811,0
          103.84115,1.2481,0
          103.84108,1.24806,0
          103.84102,1.248,0
          103.84097,1.24793,0
          103.84069,1.24764,0
          103.8404,1.24724,0
          103.84013,1.24678,0
          103.83998,1.24645,0
          103.83997,1.2464,0
          103.83998,1.24628,0
          103.84002,1.24618,0
          103.84016,1.24497,0
          103.84019,1.24491,0
          103.8402,1.24486,0
          103.8402,1.24478,0
          103.84017,1.24462,0
          103.83977,1.24317,0
          103.83941,1.2425,0
          103.83939,1.24248,0
          103.84053,1.24183,0
          103.84051,1.24178,0
          103.84051,1.24177,0
          103.84061,1.24171,0
          103.84063,1.24169,0
          103.84063,1.24168,0
          103.84061,1.24164,0
          103.8406,1.2415,0
          103.84047,1.24135,0
          103.84044,1.24133,0
          103.84039,1.24128,0
          103.84038,1.24126,0
          103.84033,1.2412,0
          103.84025,1.24113,0
          103.8402,1.24107,0
          103.84018,1.24107,0
          103.84014,1.24103,0
          103.84001,1.24084,0
          103.83986,1.2407,0
          103.8398,1.24062,0
          103.8397,1.24054,0
          103.83966,1.24046,0
          103.83959,1.24039,0
          103.83957,1.24039,0
          103.83953,1.24037,0
          103.83951,1.24035,0
          103.83939,1.2403,0
          103.83933,1.24026,0
          103.83921,1.24015,0
          103.83906,1.2401,0
          103.83899,1.24006,0
          103.83877,1.24052,0
          103.83875,1.24058,0
          103.83871,1.24052,0
          103.8386,1.24041,0
          103.83858,1.2404,0
          103.83855,1.24037,0
          103.83838,1.24026,0
          103.83826,1.24021,0
          103.83812,1.24017,0
          103.83809,1.24017,0
          103.83806,1.24016,0
          103.83738,1.24012,0
          103.83735,1.2401,0
          103.83736,1.24006,0
          103.83734,1.23998,0
          103.83729,1.23993,0
          103.83724,1.23991,0
          103.83717,1.23991,0
          103.83711,1.23995,0
          103.83705,1.23993,0
          103.83683,1.23993,0
          103.83683,1.23992,0
          103.83682,1.23991,0
          103.83682,1.23974,0
          103.8368,1.23968,0
          103.83674,1.23964,0
          103.83674,1.23962,0
          103.83673,1.23962,0
          103.83673,1.23961,0
          103.83671,1.2396,0
          103.8367,1.23959,0
          103.83669,1.23959,0
          103.83669,1.23958,0
          103.83668,1.23958,0
          103.83666,1.23938,0
          103.83664,1.23933,0
          103.8366,1.23927,0
          103.83655,1.23922,0
          103.83643,1.23915,0
          103.8363,1.23911,0
          103.83626,1.23909,0
          103.83623,1.23909,0
          103.83622,1.2391,0
          103.83621,1.2391,0
          103.8362,1.23911,0
          103.83619,1.23911,0
          103.83617,1.23912,0
          103.8361,1.2391,0
          103.83607,1.2391,0
          103.83605,1.23911,0
          103.83596,1.23911,0
          103.83557,1.23917,0
          103.83552,1.23917,0
          103.83549,1.23918,0
          103.83546,1.23917,0
          103.83532,1.23917,0
          103.83526,1.23915,0
          103.83509,1.23914,0
          103.83496,1.23908,0
          103.83485,1.23905,0
          103.83463,1.23892,0
          103.83448,1.2388,0
          103.83446,1.23877,0
          103.83438,1.2387,0
          103.83431,1.23861,0
          103.83421,1.23853,0
          103.83406,1.23834,0
          103.8339,1.23822,0
          103.83385,1.2382,0
          103.83375,1.23819,0
          103.83372,1.2382,0
          103.83368,1.2382,0
          103.83368,1.23818,0
          103.83367,1.23817,0
          103.83367,1.23813,0
          103.83365,1.23809,0
          103.83362,1.23806,0
          103.83348,1.23799,0
          103.83337,1.23797,0
          103.83328,1.23792,0
          103.833,1.23788,0
          103.83296,1.23789,0
          103.8329,1.23789,0
          103.83276,1.23791,0
          103.83269,1.23793,0
          103.83265,1.23795,0
          103.83261,1.23796,0
          103.83258,1.23795,0
          103.83253,1.23795,0
          103.83252,1.23796,0
          103.83251,1.23796,0
          103.83249,1.23798,0
          103.83249,1.23799,0
          103.83247,1.238,0
          103.83246,1.23801,0
          103.83242,1.23801,0
          103.83226,1.23812,0
          103.83221,1.23814,0
          103.83192,1.23833,0
          103.8319,1.23835,0
          103.83188,1.23836,0
          103.83187,1.23838,0
          103.83186,1.23839,0
          103.83182,1.23841,0
          103.83178,1.23841,0
          103.83165,1.23851,0
          103.83157,1.23859,0
          103.83156,1.23861,0
          103.83155,1.23862,0
          103.83154,1.23864,0
          103.83153,1.23864,0
          103.83152,1.23865,0
          103.83145,1.23868,0
          103.83143,1.2387,0
          103.83143,1.23871,0
          103.8314,1.23876,0
          103.83133,1.23883,0
          103.83131,1.23884,0
          103.8313,1.23885,0
          103.8313,1.23887,0
          103.83128,1.23889,0
          103.83128,1.23891,0
          103.83127,1.23891,0
          103.83127,1.23892,0
          103.83125,1.23894,0
          103.83121,1.23895,0
          103.83117,1.23899,0
          103.83115,1.23902,0
          103.83104,1.23913,0
          103.83103,1.23915,0
          103.83063,1.23957,0
          103.83045,1.23981,0
          103.83044,1.23993,0
          103.83047,1.23998,0
          103.8305,1.24001,0
          103.83068,1.24011,0
          103.83115,1.24042,0
          103.83119,1.24046,0
          103.83121,1.24056,0
          103.83138,1.24046,0
          103.83137,1.24045,0
          103.83137,1.24041,0
          103.83138,1.2404,0
          103.83138,1.24038,0
          103.83139,1.24037,0
          103.83139,1.24036,0
          103.8314,1.24036,0
          103.8314,1.24035,0
          103.83141,1.24035,0
          103.83142,1.24034,0
          103.8315,1.24035,0
          103.83164,1.24012,0
          103.83167,1.24009,0
          103.83178,1.23984,0
          103.83178,1.23975,0
          103.83177,1.23972,0
          103.83176,1.23971,0
          103.83175,1.23969,0
          103.83154,1.23953,0
          103.83154,1.23952,0
          103.83152,1.2395,0
          103.83154,1.23943,0
          103.83205,1.23889,0
          103.83241,1.2386,0
          103.8326,1.23847,0
          103.8327,1.23842,0
          103.83291,1.23836,0
          103.83304,1.23835,0
          103.83325,1.23838,0
          103.83334,1.23841,0
          103.83358,1.23855,0
          103.83388,1.2389,0
          103.83396,1.23905,0
          103.83399,1.23913,0
          103.83401,1.2393,0
          103.834,1.23931,0
          103.83399,1.23931,0
          103.83399,1.23932,0
          103.83398,1.23932,0
          103.83398,1.23933,0
          103.83397,1.23934,0
          103.83397,1.23935,0
          103.83396,1.23935,0
          103.83396,1.23944,0
          103.83397,1.23944,0
          103.83397,1.23946,0
          103.83398,1.23946,0
          103.83398,1.23947,0
          103.83399,1.23947,0
          103.83399,1.23948,0
          103.83401,1.2395,0
          103.83403,1.2395,0
          103.83403,1.23951,0
          103.83412,1.23951,0
          103.83416,1.24011,0
          103.83416,1.24073,0
          103.83425,1.24098,0
          103.83431,1.24107,0
          103.83492,1.24175,0
          103.83532,1.24211,0
          103.83553,1.24226,0
          103.83602,1.24254,0
          103.83599,1.24261,0
          103.83603,1.24271,0
          103.8361,1.24274,0
          103.83616,1.24274,0
          103.83622,1.24285,0
          103.83627,1.24291,0
          103.83643,1.24304,0
          103.83656,1.24311,0
          103.83673,1.24318,0
          103.83803,1.24355,0
          103.83828,1.24367,0
          103.83829,1.2437,0
          103.83834,1.24374,0
          103.83838,1.24376,0
          103.83844,1.24376,0
          103.83848,1.24375,0
          103.83868,1.24385,0
          103.839,1.2441,0
          103.83931,1.2443,0
          103.83943,1.2444,0
          103.83948,1.24449,0
          103.83949,1.24453,0
          103.83951,1.24457,0
          103.83951,1.24459,0
          103.83952,1.24461,0
          103.83952,1.24467,0
          103.83953,1.2447,0
          103.83953,1.2448,0
          103.83942,1.24523,0
          103.83927,1.24565,0
          103.83916,1.24586,0
          103.83913,1.2459,0
          103.83896,1.24624,0
          103.8389,1.24641,0
          103.83888,1.24651,0
          103.83885,1.24656,0
          103.83881,1.24676,0
          103.83883,1.24726,0
          103.8388,1.24728,0
          103.83879,1.2473,0
          103.83877,1.24731,0
          103.83876,1.24733,0
          103.83875,1.24734,0
          103.83872,1.2474,0
          103.83872,1.24742,0
          103.83858,1.24751,0
          103.83827,1.24766,0
          103.83799,1.24772,0
          103.83776,1.24769,0
          103.83764,1.24764,0
          103.83755,1.24758,0
          103.8375,1.24753,0
          103.83691,1.24671,0
          103.83656,1.24638,0
          103.83641,1.24628,0
          103.83611,1.24616,0
          103.83582,1.2461,0
          103.83566,1.2461,0
          103.83563,1.24611,0
          103.83558,1.24611,0
          103.83463,1.24634,0
          103.83458,1.24637,0
          103.83445,1.24642,0
          103.83427,1.24657,0
          103.83389,1.247,0
          103.83389,1.24701,0
          103.83365,1.24728,0
          103.83333,1.24758,0
          103.83322,1.24764,0
          103.83314,1.24767,0
          103.83277,1.24776,0
          103.82995,1.248,0
          103.82968,1.24805,0
          103.82967,1.24806,0
          103.82953,1.24809,0
          103.82904,1.24828,0
          103.82882,1.24844,0
          103.82878,1.24852,0
          103.82875,1.24855,0
          103.8287,1.24854,0
          103.82833,1.24891,0
          103.82818,1.24902,0
          103.82813,1.24904,0
          103.8281,1.24906,0
          103.82777,1.24914,0
          103.82772,1.24913,0
          103.82767,1.24913,0
          103.82755,1.2491,0
          103.82753,1.24909,0
          103.82751,1.24907,0
          103.82749,1.24907,0
          103.82745,1.24905,0
          103.82739,1.24893,0
          103.82732,1.24896,0
          103.82731,1.24908,0
          103.82729,1.2491,0
          103.82728,1.2491,0
          103.82653,1.24968,0
          103.82616,1.24914,0
          103.8261,1.24918,0
          103.82647,1.24973,0
          103.82629,1.24988,0
          103.82627,1.24989,0
          103.82495,1.25113,0
          103.82491,1.25118,0
          103.82467,1.25134,0
          103.82464,1.25135,0
          103.82462,1.25135,0
          103.8246,1.25136,0
          103.82459,1.25137,0
          103.82457,1.25138,0
          103.82456,1.25139,0
          103.82454,1.2514,0
          103.82452,1.25142,0
          103.82451,1.25144,0
          103.8245,1.25145,0
          103.82449,1.25147,0
          103.82449,1.25148,0
          103.82448,1.2515,0
          103.82448,1.25159,0
          103.82451,1.25167,0
          103.82448,1.25173,0
          103.82437,1.25188,0
          103.82393,1.25228,0
          103.82364,1.25246,0
          103.82347,1.25254,0
          103.82333,1.25258,0
          103.82325,1.25259,0
          103.82318,1.25261,0
          103.82237,1.25268,0
          103.82204,1.25268,0
          103.82196,1.2527,0
          103.82162,1.25289,0
          103.8207,1.25355,0
          103.82066,1.25349,0
          103.82064,1.25344,0
          103.82035,1.253,0
          103.82026,1.25292,0
          103.82019,1.25289,0
          103.82018,1.25288,0
          103.81983,1.25272,0
          103.81971,1.25265,0
          103.81956,1.25259,0
          103.81919,1.25239,0
          103.81915,1.25245,0
          103.81911,1.25244,0
          103.81898,1.25231,0
          103.81917,1.25208,0
          103.81928,1.25188,0
          103.81935,1.2517,0
          103.81936,1.25133,0
          103.81933,1.2512,0
          103.81931,1.25121,0
          103.81929,1.2512,0
          103.81928,1.2512,0
          103.81928,1.25119,0
          103.81926,1.25117,0
          103.81926,1.25114,0
          103.81928,1.25112,0
          103.8193,1.25111,0
          103.81928,1.25103,0
          103.81924,1.251,0
          103.81912,1.25097,0
          103.81824,1.25099,0
          103.81806,1.25108,0
          103.81796,1.25097,0
          103.81793,1.25096,0
          103.81791,1.25096,0
          103.81787,1.25098,0
          103.81786,1.251,0
          103.81786,1.25104,0
          103.81787,1.25107,0
          103.81793,1.25116,0
        </coordinates>
      </LineString>
    </Placemark>
    <Placemark>
      <name>Telok Blangah Road, HarbourFront MRT Station (CC29), Singapore</name>
      <styleUrl>#icon-1899-DB4436-nodesc</styleUrl>
      <Point>
        <coordinates>
          103.8218678,1.2650991,0
        </coordinates>
      </Point>
    </Placemark>
    <Placemark>
      <name>Beach Station</name>
      <styleUrl>#icon-1899-DB4436-nodesc</styleUrl>
      <Point>
        <coordinates>
          103.8179311,1.2511575,0
        </coordinates>
      </Point>
    </Placemark>
  </Document>
</kml>
