<?xml version="1.0" encoding="UTF-8"?>
<kml xmlns="http://www.opengis.net/kml/2.2">
  <Document>
    <name>Plan for the East Coast</name>
    <Style id="icon-1899-DB4436-nodesc-normal">
      <IconStyle>
        <color>ff3644db</color>
        <scale>1</scale>
        <Icon>
          <href>https://www.gstatic.com/mapspro/images/stock/503-wht-blank_maps.png</href>
        </Icon>
        <hotSpot x="32" xunits="pixels" y="64" yunits="insetPixels"/>
      </IconStyle>
      <LabelStyle>
        <scale>0</scale>
      </LabelStyle>
      <BalloonStyle>
        <text><![CDATA[<h3>$[name]</h3>]]></text>
      </BalloonStyle>
    </Style>
    <Style id="icon-1899-DB4436-nodesc-highlight">
      <IconStyle>
        <color>ff3644db</color>
        <scale>1</scale>
        <Icon>
          <href>https://www.gstatic.com/mapspro/images/stock/503-wht-blank_maps.png</href>
        </Icon>
        <hotSpot x="32" xunits="pixels" y="64" yunits="insetPixels"/>
      </IconStyle>
      <LabelStyle>
        <scale>1</scale>
      </LabelStyle>
      <BalloonStyle>
        <text><![CDATA[<h3>$[name]</h3>]]></text>
      </BalloonStyle>
    </Style>
    <StyleMap id="icon-1899-DB4436-nodesc">
      <Pair>
        <key>normal</key>
        <styleUrl>#icon-1899-DB4436-nodesc-normal</styleUrl>
      </Pair>
      <Pair>
        <key>highlight</key>
        <styleUrl>#icon-1899-DB4436-nodesc-highlight</styleUrl>
      </Pair>
    </StyleMap>
    <Style id="line-1267FF-5000-nodesc-normal">
      <LineStyle>
        <color>ffff6712</color>
        <width>5</width>
      </LineStyle>
      <BalloonStyle>
        <text><![CDATA[<h3>$[name]</h3>]]></text>
      </BalloonStyle>
    </Style>
    <Style id="line-1267FF-5000-nodesc-highlight">
      <LineStyle>
        <color>ffff6712</color>
        <width>7.5</width>
      </LineStyle>
      <BalloonStyle>
        <text><![CDATA[<h3>$[name]</h3>]]></text>
      </BalloonStyle>
    </Style>
    <StyleMap id="line-1267FF-5000-nodesc">
      <Pair>
        <key>normal</key>
        <styleUrl>#line-1267FF-5000-nodesc-normal</styleUrl>
      </Pair>
      <Pair>
        <key>highlight</key>
        <styleUrl>#line-1267FF-5000-nodesc-highlight</styleUrl>
      </Pair>
    </StyleMap>
    <Placemark>
      <name>Plan for the East Coast</name>
      <styleUrl>#line-1267FF-5000-nodesc</styleUrl>
      <LineString>
        <tessellate>1</tessellate>
        <coordinates>
          103.86805,1.2802,0
          103.86821,1.28014,0
          103.86844,1.28004,0
          103.86896,1.27981,0
          103.86936,1.27959,0
          103.86947,1.27951,0
          103.86959,1.27945,0
          103.86962,1.27942,0
          103.86966,1.27939,0
          103.86976,1.27932,0
          103.86977,1.27932,0
          103.86987,1.27926,0
          103.8701,1.27905,0
          103.87011,1.2792,0
          103.87013,1.27924,0
          103.87015,1.27927,0
          103.87016,1.27928,0
          103.87025,1.27938,0
          103.87028,1.27938,0
          103.87034,1.27935,0
          103.87042,1.27948,0
          103.8705,1.2795,0
          103.87057,1.2796,0
          103.87061,1.27963,0
          103.87063,1.27964,0
          103.87065,1.27965,0
          103.87067,1.27965,0
          103.87075,1.27966,0
          103.87088,1.27968,0
          103.87092,1.2797,0
          103.87095,1.27971,0
          103.87098,1.27972,0
          103.87107,1.27977,0
          103.87109,1.27978,0
          103.87118,1.27984,0
          103.87125,1.27994,0
          103.8713,1.27999,0
          103.87133,1.28003,0
          103.8714,1.28015,0
          103.87144,1.28028,0
          103.87144,1.28037,0
          103.87144,1.28045,0
          103.87142,1.28054,0
          103.87173,1.28078,0
          103.87246,1.28131,0
          103.8726,1.28142,0
          103.87274,1.28153,0
          103.87303,1.28174,0
          103.87332,1.28196,0
          103.87373,1.28226,0
          103.8737,1.28229,0
          103.87358,1.28242,0
          103.87346,1.28256,0
          103.87341,1.28262,0
          103.87337,1.28268,0
          103.87334,1.28274,0
          103.87331,1.2828,0
          103.87327,1.2829,0
          103.87324,1.28296,0
          103.87321,1.28301,0
          103.87316,1.28307,0
          103.87312,1.28311,0
          103.87306,1.28316,0
          103.87279,1.28332,0
          103.87266,1.28343,0
          103.87252,1.28357,0
          103.87236,1.28375,0
          103.8723,1.28379,0
          103.87225,1.28382,0
          103.87211,1.28395,0
          103.8719,1.28416,0
          103.87163,1.28444,0
          103.87147,1.28463,0
          103.87145,1.28466,0
          103.87135,1.28476,0
          103.87134,1.28477,0
          103.87129,1.28483,0
          103.87108,1.28509,0
          103.87079,1.28543,0
          103.87057,1.28571,0
          103.87053,1.28581,0
          103.87007,1.28643,0
          103.87003,1.28647,0
          103.87001,1.28651,0
          103.86978,1.28685,0
          103.86967,1.28702,0
          103.86957,1.28717,0
          103.86952,1.28724,0
          103.86952,1.28725,0
          103.86935,1.28751,0
          103.869,1.28808,0
          103.86896,1.28816,0
          103.86892,1.28823,0
          103.86887,1.28833,0
          103.86854,1.28889,0
          103.86854,1.28891,0
          103.86853,1.28892,0
          103.86827,1.28943,0
          103.86826,1.2895,0
          103.86822,1.2896,0
          103.86805,1.28994,0
          103.86785,1.29034,0
          103.86768,1.29075,0
          103.86766,1.2909,0
          103.86766,1.29099,0
          103.86767,1.2911,0
          103.86769,1.2912,0
          103.86771,1.2913,0
          103.86776,1.2915,0
          103.86778,1.29163,0
          103.86779,1.29167,0
          103.86781,1.29178,0
          103.86782,1.29215,0
          103.86783,1.29216,0
          103.86785,1.2922,0
          103.86786,1.29221,0
          103.86783,1.29232,0
          103.8678,1.29245,0
          103.86778,1.29254,0
          103.86776,1.29262,0
          103.86775,1.2927,0
          103.86774,1.29277,0
          103.86771,1.29283,0
          103.86769,1.29287,0
          103.86771,1.29289,0
          103.86774,1.29295,0
          103.86774,1.29296,0
          103.86774,1.29297,0
          103.86774,1.29298,0
          103.86774,1.29299,0
          103.86774,1.293,0
          103.86773,1.29301,0
          103.86772,1.29302,0
          103.86771,1.29302,0
          103.8677,1.29302,0
          103.8677,1.29303,0
          103.86769,1.29303,0
          103.86769,1.29302,0
          103.86768,1.29302,0
          103.86768,1.29306,0
          103.86766,1.29309,0
          103.86775,1.29318,0
          103.86777,1.29321,0
          103.86779,1.29324,0
          103.8678,1.29327,0
          103.86781,1.2933,0
          103.8679,1.29346,0
          103.86794,1.29357,0
          103.86798,1.29364,0
          103.868,1.29368,0
          103.86801,1.29371,0
          103.86802,1.29375,0
          103.86804,1.2938,0
          103.86805,1.29384,0
          103.86806,1.29388,0
          103.86807,1.29392,0
          103.86816,1.29404,0
          103.86816,1.29415,0
          103.86818,1.2942,0
          103.86819,1.29425,0
          103.86821,1.2943,0
          103.86823,1.29433,0
          103.86821,1.29439,0
          103.86819,1.29451,0
          103.86819,1.29456,0
          103.86818,1.29463,0
          103.86813,1.29487,0
          103.8681,1.295,0
          103.86804,1.29529,0
          103.86802,1.29536,0
          103.868,1.29542,0
          103.86797,1.29551,0
          103.86796,1.2956,0
          103.86793,1.29574,0
          103.86791,1.29585,0
          103.86788,1.29594,0
          103.86786,1.29602,0
          103.86779,1.29618,0
          103.86777,1.29622,0
          103.86759,1.29656,0
          103.86772,1.29663,0
          103.86793,1.29675,0
          103.86807,1.29681,0
          103.86817,1.29686,0
          103.86825,1.2969,0
          103.86831,1.29692,0
          103.86835,1.29693,0
          103.86842,1.29694,0
          103.86955,1.29698,0
          103.86974,1.29699,0
          103.86983,1.29699,0
          103.86986,1.29709,0
          103.86994,1.29711,0
          103.86999,1.29712,0
          103.87011,1.29713,0
          103.87032,1.29713,0
          103.87046,1.29713,0
          103.87053,1.29713,0
          103.87071,1.29714,0
          103.87117,1.29715,0
          103.87131,1.29716,0
          103.87131,1.29719,0
          103.87144,1.29719,0
          103.8715,1.29719,0
          103.87158,1.29722,0
          103.87166,1.29722,0
          103.87203,1.29721,0
          103.87225,1.2972,0
          103.87231,1.29718,0
          103.87239,1.29718,0
          103.87243,1.29723,0
          103.87257,1.29722,0
          103.87263,1.29721,0
          103.87308,1.29721,0
          103.87323,1.29718,0
          103.87382,1.29719,0
          103.87391,1.29721,0
          103.87396,1.29722,0
          103.874,1.29722,0
          103.87437,1.29723,0
          103.87437,1.29715,0
          103.87448,1.29715,0
          103.87448,1.29722,0
          103.8745,1.29722,0
          103.87458,1.29722,0
          103.87464,1.29724,0
          103.8747,1.29724,0
          103.87483,1.29725,0
          103.87487,1.29723,0
          103.87489,1.29722,0
          103.87491,1.29721,0
          103.87492,1.29719,0
          103.87494,1.29717,0
          103.87496,1.29715,0
          103.875,1.2971,0
          103.87509,1.29699,0
          103.87519,1.29688,0
          103.8754,1.29685,0
          103.87585,1.29729,0
          103.87595,1.29734,0
          103.87608,1.2974,0
          103.87613,1.29742,0
          103.87628,1.29752,0
          103.87675,1.29759,0
          103.87685,1.2976,0
          103.87688,1.29763,0
          103.87693,1.29767,0
          103.87696,1.29763,0
          103.87698,1.2976,0
          103.87697,1.29759,0
          103.87693,1.29756,0
          103.87689,1.29753,0
          103.87706,1.29751,0
          103.87715,1.29753,0
          103.87723,1.29753,0
          103.87744,1.29755,0
          103.87751,1.2976,0
          103.87786,1.29764,0
          103.8783,1.29768,0
          103.87836,1.29768,0
          103.87987,1.29783,0
          103.87996,1.29783,0
          103.88061,1.29786,0
          103.88075,1.2979,0
          103.88081,1.2979,0
          103.88085,1.2979,0
          103.88115,1.29793,0
          103.88123,1.29793,0
          103.88158,1.29798,0
          103.88163,1.29794,0
          103.8819,1.29799,0
          103.88206,1.29811,0
          103.88234,1.29816,0
          103.88267,1.29821,0
          103.88284,1.29819,0
          103.8829,1.2982,0
          103.88293,1.29819,0
          103.88303,1.2982,0
          103.88312,1.2982,0
          103.8832,1.29821,0
          103.88334,1.2982,0
          103.8834,1.2982,0
          103.88348,1.2982,0
          103.88356,1.2982,0
          103.88403,1.29817,0
          103.88411,1.29817,0
          103.8843,1.29815,0
          103.88442,1.29815,0
          103.88457,1.29813,0
          103.88461,1.29813,0
          103.88477,1.29812,0
          103.88487,1.29812,0
          103.88525,1.29809,0
          103.88529,1.29809,0
          103.88528,1.29806,0
          103.88552,1.29805,0
          103.88552,1.29803,0
          103.88561,1.29803,0
          103.8856,1.29806,0
          103.88558,1.2981,0
          103.8856,1.29812,0
          103.88561,1.29813,0
          103.88561,1.29812,0
          103.88564,1.29806,0
          103.88584,1.29806,0
          103.88591,1.29805,0
          103.88608,1.29803,0
          103.88618,1.29802,0
          103.88622,1.29801,0
          103.88627,1.29801,0
          103.88637,1.29802,0
          103.8864,1.29802,0
          103.88649,1.298,0
          103.88662,1.29799,0
          103.88669,1.29799,0
          103.88676,1.29798,0
          103.88721,1.29795,0
          103.88734,1.29793,0
          103.88763,1.29787,0
          103.88778,1.29784,0
          103.88829,1.29773,0
          103.88836,1.29772,0
          103.88845,1.29769,0
          103.88856,1.29767,0
          103.88865,1.29768,0
          103.88877,1.29765,0
          103.88886,1.2976,0
          103.88923,1.29753,0
          103.88933,1.29751,0
          103.88934,1.29751,0
          103.88942,1.29749,0
          103.8902,1.29732,0
          103.89024,1.29733,0
          103.89026,1.29733,0
          103.89035,1.29731,0
          103.89077,1.29721,0
          103.89088,1.29719,0
          103.89091,1.29718,0
          103.89096,1.29713,0
          103.89098,1.29712,0
          103.89101,1.29712,0
          103.89103,1.29711,0
          103.89107,1.29711,0
          103.89111,1.29712,0
          103.89118,1.29714,0
          103.89132,1.29718,0
          103.89137,1.29719,0
          103.89151,1.29723,0
          103.89172,1.29729,0
          103.89179,1.29731,0
          103.89201,1.29738,0
          103.89203,1.29741,0
          103.89215,1.29743,0
          103.89232,1.29748,0
          103.89241,1.29752,0
          103.89255,1.29756,0
          103.89264,1.29759,0
          103.89269,1.29761,0
          103.89276,1.29763,0
          103.89305,1.29772,0
          103.89338,1.29782,0
          103.89346,1.29787,0
          103.89396,1.29803,0
          103.89403,1.29806,0
          103.89415,1.29807,0
          103.8942,1.29809,0
          103.89431,1.29812,0
          103.89438,1.29815,0
          103.89447,1.29817,0
          103.89458,1.29821,0
          103.89467,1.29823,0
          103.89476,1.29829,0
          103.8949,1.29834,0
          103.89513,1.29841,0
          103.89522,1.29846,0
          103.8953,1.29849,0
          103.89535,1.29854,0
          103.89542,1.29861,0
          103.8955,1.29869,0
          103.89558,1.29876,0
          103.89564,1.29881,0
          103.89567,1.29883,0
          103.89584,1.2989,0
          103.89603,1.29896,0
          103.89626,1.29905,0
          103.89634,1.29908,0
          103.89644,1.29911,0
          103.89676,1.29921,0
          103.89686,1.29921,0
          103.89691,1.29912,0
          103.89696,1.29918,0
          103.89703,1.29927,0
          103.8972,1.29923,0
          103.89724,1.29922,0
          103.8975,1.29912,0
          103.89752,1.29919,0
          103.89759,1.2992,0
          103.8976,1.2992,0
          103.89762,1.29921,0
          103.89763,1.29922,0
          103.89766,1.29926,0
          103.89765,1.29931,0
          103.89752,1.29989,0
          103.89741,1.30038,0
          103.89742,1.30052,0
          103.89739,1.30075,0
          103.89733,1.30105,0
          103.89719,1.30153,0
          103.89716,1.30161,0
          103.89713,1.3017,0
          103.89706,1.30187,0
          103.89713,1.30189,0
          103.89716,1.3019,0
          103.89723,1.30192,0
          103.89738,1.30196,0
          103.89744,1.30198,0
          103.89756,1.30201,0
          103.89827,1.30219,0
          103.8984,1.30222,0
          103.89855,1.30225,0
          103.89872,1.3023,0
          103.8988,1.30232,0
          103.89886,1.30234,0
          103.89894,1.30237,0
          103.89904,1.30241,0
          103.89941,1.30258,0
          103.89962,1.30268,0
          103.90029,1.30299,0
          103.90045,1.30305,0
          103.90052,1.30308,0
          103.90061,1.30312,0
          103.90076,1.30318,0
          103.90108,1.30332,0
          103.90111,1.30333,0
          103.90122,1.30339,0
          103.90124,1.30341,0
          103.90137,1.30348,0
          103.9022,1.30406,0
          103.90282,1.30292,0
          103.90286,1.30284,0
          103.90288,1.30282,0
          103.90332,1.30199,0
          103.9034,1.30199,0
          103.90342,1.30198,0
          103.90344,1.30198,0
          103.90347,1.30199,0
          103.9035,1.302,0
          103.90352,1.302,0
          103.90353,1.302,0
          103.90355,1.30199,0
          103.90357,1.30198,0
          103.90359,1.30197,0
          103.90365,1.30193,0
          103.90375,1.30205,0
          103.90383,1.30212,0
          103.90389,1.30218,0
          103.90396,1.30221,0
          103.90421,1.30239,0
          103.90442,1.30253,0
          103.90451,1.30259,0
          103.90455,1.30263,0
          103.90471,1.30276,0
          103.90501,1.30295,0
          103.90508,1.303,0
          103.90513,1.30303,0
          103.90518,1.30303,0
          103.90529,1.30305,0
          103.90547,1.30297,0
          103.90549,1.30298,0
          103.90556,1.30303,0
          103.90587,1.30323,0
          103.90655,1.30371,0
          103.90661,1.30375,0
          103.90679,1.30389,0
          103.90695,1.304,0
          103.90704,1.30406,0
          103.90724,1.30419,0
          103.90732,1.30424,0
          103.90759,1.3044,0
          103.90773,1.30447,0
          103.90787,1.30455,0
          103.90829,1.30476,0
          103.90851,1.30489,0
          103.90879,1.30504,0
          103.90921,1.30524,0
          103.90969,1.30545,0
          103.90985,1.30553,0
          103.90994,1.30557,0
          103.90995,1.30558,0
          103.91003,1.30561,0
          103.91028,1.3057,0
          103.91053,1.30578,0
          103.9106,1.3058,0
          103.91066,1.30582,0
          103.91083,1.30587,0
          103.91129,1.30597,0
          103.91169,1.30606,0
          103.91189,1.30612,0
          103.91214,1.30618,0
          103.91232,1.30622,0
          103.91331,1.30647,0
          103.91338,1.30649,0
          103.91343,1.3065,0
          103.91346,1.3065,0
          103.91349,1.30655,0
          103.91352,1.30657,0
          103.91356,1.30658,0
          103.91361,1.30659,0
          103.91371,1.30662,0
          103.91407,1.30669,0
          103.91425,1.30673,0
          103.9143,1.30674,0
          103.91467,1.30682,0
          103.91469,1.30683,0
          103.9147,1.30684,0
          103.91475,1.30687,0
          103.91477,1.30691,0
          103.9148,1.30694,0
          103.91483,1.30695,0
          103.91489,1.30696,0
          103.91493,1.30696,0
          103.91494,1.30697,0
          103.91495,1.30697,0
          103.91496,1.30697,0
          103.91497,1.30697,0
          103.91498,1.30697,0
          103.91499,1.30697,0
          103.915,1.30697,0
          103.915,1.30698,0
          103.91501,1.30698,0
          103.91505,1.30699,0
          103.91508,1.30701,0
          103.91513,1.30702,0
          103.91518,1.30703,0
          103.91522,1.30704,0
          103.91529,1.30705,0
          103.91534,1.30706,0
          103.91536,1.30707,0
          103.91539,1.30708,0
          103.91543,1.30709,0
          103.91545,1.3071,0
          103.91546,1.3071,0
          103.91547,1.30709,0
          103.91548,1.30709,0
          103.91549,1.30708,0
          103.91549,1.30707,0
          103.9155,1.30706,0
          103.9155,1.30705,0
          103.91551,1.30705,0
          103.91552,1.30705,0
          103.91552,1.30706,0
          103.91567,1.30709,0
          103.91594,1.30715,0
          103.91637,1.30725,0
          103.91655,1.30728,0
          103.91656,1.30729,0
          103.91657,1.30729,0
          103.91658,1.3073,0
          103.91659,1.30731,0
          103.91659,1.30732,0
          103.91659,1.30733,0
          103.91658,1.30734,0
          103.91658,1.30736,0
          103.91658,1.30737,0
          103.91659,1.30748,0
          103.91659,1.30749,0
          103.91659,1.3075,0
          103.91659,1.30751,0
          103.91659,1.30752,0
          103.9166,1.30752,0
          103.91671,1.30755,0
          103.91677,1.30757,0
          103.9168,1.30757,0
          103.91685,1.30758,0
          103.91709,1.30763,0
          103.9171,1.30764,0
          103.91711,1.30764,0
          103.91712,1.30763,0
          103.91713,1.30763,0
          103.91714,1.30762,0
          103.91716,1.30752,0
          103.91717,1.3075,0
          103.91717,1.30749,0
          103.91717,1.30748,0
          103.91718,1.30748,0
          103.91718,1.30747,0
          103.91719,1.30747,0
          103.9172,1.30747,0
          103.91723,1.30748,0
          103.91733,1.30751,0
          103.91739,1.30752,0
          103.9174,1.30753,0
          103.91741,1.30753,0
          103.91742,1.30752,0
          103.91743,1.30751,0
          103.91744,1.3075,0
          103.91744,1.30748,0
          103.91744,1.30747,0
          103.91745,1.30747,0
          103.91746,1.30747,0
          103.91751,1.30749,0
          103.91753,1.30749,0
          103.91758,1.3075,0
          103.91766,1.30751,0
          103.91771,1.30751,0
          103.91772,1.30751,0
          103.91782,1.30752,0
          103.91789,1.30753,0
          103.91793,1.30754,0
          103.91804,1.30754,0
          103.91821,1.30756,0
          103.91843,1.30759,0
          103.91844,1.30756,0
          103.91989,1.30781,0
          103.92004,1.30783,0
          103.92033,1.3079,0
          103.92053,1.30794,0
          103.92077,1.308,0
          103.9209,1.30802,0
          103.9211,1.30807,0
          103.92138,1.30814,0
          103.9216,1.3082,0
          103.9218,1.30824,0
          103.92203,1.30829,0
          103.92253,1.3084,0
          103.92287,1.30847,0
          103.9231,1.3085,0
          103.92336,1.30853,0
          103.92416,1.30859,0
          103.92431,1.3086,0
          103.92442,1.30861,0
          103.92447,1.30862,0
          103.9246,1.30866,0
          103.92482,1.30873,0
          103.92501,1.3088,0
          103.9252,1.30885,0
          103.92558,1.30898,0
          103.92574,1.30904,0
          103.92585,1.30909,0
          103.92592,1.30911,0
          103.92594,1.30912,0
          103.92601,1.30914,0
          103.92612,1.30917,0
          103.92615,1.30918,0
          103.9263,1.30922,0
          103.92647,1.30925,0
          103.92677,1.3093,0
          103.92774,1.30941,0
          103.92797,1.30945,0
          103.92806,1.30947,0
          103.92819,1.30948,0
          103.92826,1.30949,0
          103.92844,1.30953,0
          103.92861,1.30956,0
          103.92874,1.30958,0
          103.92882,1.3096,0
          103.92914,1.30971,0
          103.9294,1.30979,0
          103.92979,1.30991,0
          103.93021,1.31006,0
          103.9305,1.31015,0
          103.93129,1.31039,0
          103.93153,1.31046,0
          103.93168,1.3105,0
          103.93184,1.31056,0
          103.93202,1.31062,0
          103.93205,1.31063,0
          103.93211,1.31067,0
          103.93215,1.31072,0
          103.9322,1.31079,0
          103.93224,1.31086,0
          103.93226,1.31091,0
          103.93229,1.31103,0
          103.93231,1.31117,0
          103.93229,1.31123,0
          103.93228,1.3113,0
          103.93224,1.31157,0
          103.93224,1.31164,0
          103.93215,1.31231,0
          103.93211,1.31286,0
          103.9321,1.31306,0
          103.93209,1.31329,0
          103.93209,1.31334,0
          103.93209,1.31341,0
          103.93207,1.31364,0
          103.93205,1.31391,0
          103.93212,1.31392,0
          103.93257,1.31394,0
          103.93265,1.31395,0
          103.93276,1.31395,0
          103.93311,1.31398,0
          103.93331,1.314,0
          103.93359,1.31405,0
          103.93369,1.31406,0
          103.93378,1.31407,0
          103.93384,1.3141,0
          103.9339,1.31412,0
          103.93409,1.31414,0
          103.93426,1.31417,0
          103.93444,1.3142,0
          103.93459,1.31421,0
          103.93462,1.31422,0
          103.93462,1.31431,0
          103.93472,1.31432,0
          103.93484,1.31433,0
          103.93544,1.31439,0
          103.93568,1.31442,0
          103.93575,1.31443,0
          103.93635,1.31451,0
          103.9364,1.31451,0
          103.93647,1.31452,0
          103.93722,1.3146,0
          103.93778,1.31462,0
          103.93783,1.31462,0
          103.93799,1.31464,0
          103.93816,1.31466,0
          103.93833,1.31467,0
          103.93884,1.31472,0
          103.93897,1.31473,0
          103.93904,1.31474,0
          103.93949,1.31479,0
          103.94024,1.31491,0
          103.94026,1.31482,0
          103.94036,1.31423,0
          103.94038,1.31401,0
          103.94039,1.31384,0
          103.94037,1.31365,0
          103.94036,1.31342,0
          103.94037,1.31321,0
          103.94038,1.3131,0
          103.94039,1.313,0
          103.94047,1.31298,0
          103.94051,1.31295,0
          103.94056,1.31293,0
          103.94061,1.3129,0
          103.94067,1.31287,0
          103.94073,1.31284,0
          103.94079,1.31281,0
          103.94083,1.31279,0
          103.94087,1.31276,0
          103.94091,1.31273,0
          103.94058,1.31266,0
          103.94048,1.31293,0
          103.94047,1.31302,0
          103.94045,1.31311,0
          103.94045,1.31322,0
          103.94043,1.31342,0
          103.94045,1.31364,0
          103.94046,1.31384,0
          103.94045,1.31402,0
          103.94044,1.31424,0
          103.94033,1.31484,0
          103.94031,1.31492,0
          103.941,1.31502,0
          103.94107,1.31503,0
          103.94146,1.31509,0
          103.94153,1.3151,0
          103.94163,1.31512,0
          103.94193,1.31518,0
          103.94216,1.31523,0
          103.94238,1.31528,0
          103.94257,1.31534,0
          103.94288,1.31544,0
          103.94323,1.31555,0
          103.94343,1.31563,0
          103.94355,1.31568,0
          103.94362,1.3157,0
          103.94367,1.31572,0
          103.94376,1.31578,0
          103.94396,1.31592,0
          103.94404,1.31597,0
          103.94411,1.31601,0
          103.94421,1.31605,0
          103.94422,1.31607,0
          103.94425,1.3161,0
          103.94432,1.31613,0
          103.94444,1.31618,0
          103.94468,1.31626,0
          103.94475,1.31629,0
          103.9449,1.31634,0
          103.94507,1.31639,0
          103.94511,1.31646,0
          103.94514,1.31651,0
          103.94515,1.31655,0
          103.94516,1.3166,0
          103.94517,1.31671,0
          103.94502,1.31723,0
          103.94486,1.31783,0
          103.94483,1.31794,0
          103.94467,1.31845,0
          103.94444,1.31921,0
          103.94442,1.31927,0
          103.9444,1.31934,0
          103.94418,1.32013,0
          103.94407,1.32051,0
          103.94404,1.32065,0
          103.94402,1.32073,0
          103.944,1.32083,0
          103.94399,1.32087,0
          103.94406,1.32088,0
          103.94412,1.32089,0
          103.94426,1.32092,0
          103.94498,1.32107,0
          103.9454,1.32116,0
          103.94546,1.32117,0
          103.94552,1.32117,0
          103.94559,1.32118,0
          103.94568,1.32117,0
          103.94577,1.32117,0
          103.94587,1.32115,0
          103.94597,1.32113,0
          103.94606,1.3211,0
          103.94617,1.32106,0
          103.94626,1.32102,0
          103.94633,1.32099,0
          103.94635,1.32098,0
          103.94642,1.32094,0
          103.9465,1.32088,0
          103.94665,1.32075,0
          103.94678,1.32061,0
          103.94684,1.32055,0
          103.94696,1.32038,0
          103.9472,1.31979,0
          103.94722,1.31972,0
          103.94747,1.31909,0
          103.94767,1.31865,0
          103.94801,1.31807,0
          103.94806,1.31799,0
          103.9481,1.31793,0
          103.94826,1.31766,0
          103.94834,1.31767,0
          103.94837,1.31768,0
          103.94845,1.31769,0
          103.94884,1.31767,0
          103.94896,1.31766,0
          103.94914,1.31764,0
          103.94916,1.31764,0
          103.9492,1.31763,0
          103.94929,1.31762,0
          103.94941,1.31762,0
          103.94952,1.31762,0
          103.94963,1.31765,0
          103.94977,1.3177,0
          103.94999,1.3178,0
          103.95077,1.31827,0
          103.95097,1.31833,0
          103.95109,1.31836,0
          103.95123,1.3184,0
          103.95124,1.3184,0
          103.95133,1.31843,0
          103.9515,1.31848,0
          103.95204,1.31858,0
          103.95212,1.31859,0
          103.95219,1.3186,0
          103.95225,1.3186,0
          103.95237,1.31862,0
          103.95239,1.31862,0
          103.95248,1.31863,0
          103.95253,1.31864,0
          103.95268,1.31869,0
          103.95282,1.31874,0
          103.95294,1.31878,0
          103.95306,1.31883,0
          103.95315,1.31886,0
          103.95323,1.3189,0
          103.95348,1.31903,0
          103.95377,1.31917,0
          103.95398,1.31928,0
          103.95421,1.31936,0
          103.95437,1.31944,0
          103.95463,1.31959,0
          103.95493,1.31973,0
          103.95526,1.31987,0
          103.9554,1.31993,0
          103.95547,1.31996,0
          103.95553,1.31997,0
          103.9556,1.32001,0
          103.95565,1.32004,0
          103.95568,1.32006,0
          103.95572,1.3201,0
          103.95573,1.32014,0
          103.95579,1.32024,0
          103.95582,1.32036,0
          103.9558,1.32047,0
          103.95574,1.32055,0
          103.95559,1.32074,0
          103.95552,1.32081,0
          103.95544,1.32092,0
          103.95533,1.32107,0
          103.95502,1.32146,0
          103.95498,1.32152,0
          103.95493,1.32158,0
          103.95492,1.32159,0
          103.95477,1.3218,0
          103.95449,1.32215,0
          103.95445,1.3222,0
          103.95443,1.32223,0
          103.95442,1.32226,0
          103.95442,1.32228,0
          103.95449,1.32234,0
          103.95454,1.3223,0
          103.95458,1.32226,0
          103.955,1.3217,0
          103.95505,1.32165,0
          103.95523,1.32179,0
          103.95552,1.32202,0
          103.95576,1.32171,0
          103.956,1.3214,0
          103.95604,1.32134,0
          103.95614,1.32121,0
          103.95623,1.32111,0
          103.95638,1.32092,0
          103.95648,1.32079,0
          103.9565,1.32077,0
          103.95652,1.32076,0
          103.95653,1.32076,0
          103.95654,1.32075,0
          103.95655,1.32075,0
          103.95657,1.32075,0
          103.95659,1.32075,0
          103.9566,1.32076,0
          103.95661,1.32076,0
          103.95664,1.32077,0
          103.95668,1.32079,0
          103.95677,1.32084,0
        </coordinates>
      </LineString>
    </Placemark>
    <Placemark>
      <name>Marina Mall, Gardens by the Bay MRT Station (TE22), Singapore</name>
      <styleUrl>#icon-1899-DB4436-nodesc</styleUrl>
      <Point>
        <coordinates>
          103.8680458,1.2802045,0
        </coordinates>
      </Point>
    </Placemark>
    <Placemark>
      <name>Bedok Road, Sungei Bedok MRT Station (DT37/TE31), Singapore</name>
      <styleUrl>#icon-1899-DB4436-nodesc</styleUrl>
      <Point>
        <coordinates>
          103.9567661,1.3208362,0
        </coordinates>
      </Point>
    </Placemark>
  </Document>
</kml>
