<?xml version="1.0" encoding="UTF-8"?>
<kml xmlns="http://www.opengis.net/kml/2.2">
  <Document>
    <name>Directions from Siglap Link, Victoria School, Singapore to Siglap Link, Victoria School, Singapore</name>
    <Style id="icon-1899-DB4436-nodesc-normal">
      <IconStyle>
        <color>ff3644db</color>
        <scale>1</scale>
        <Icon>
          <href>https://www.gstatic.com/mapspro/images/stock/503-wht-blank_maps.png</href>
        </Icon>
        <hotSpot x="32" xunits="pixels" y="64" yunits="insetPixels"/>
      </IconStyle>
      <LabelStyle>
        <scale>0</scale>
      </LabelStyle>
      <BalloonStyle>
        <text><![CDATA[<h3>$[name]</h3>]]></text>
      </BalloonStyle>
    </Style>
    <Style id="icon-1899-DB4436-nodesc-highlight">
      <IconStyle>
        <color>ff3644db</color>
        <scale>1</scale>
        <Icon>
          <href>https://www.gstatic.com/mapspro/images/stock/503-wht-blank_maps.png</href>
        </Icon>
        <hotSpot x="32" xunits="pixels" y="64" yunits="insetPixels"/>
      </IconStyle>
      <LabelStyle>
        <scale>1</scale>
      </LabelStyle>
      <BalloonStyle>
        <text><![CDATA[<h3>$[name]</h3>]]></text>
      </BalloonStyle>
    </Style>
    <StyleMap id="icon-1899-DB4436-nodesc">
      <Pair>
        <key>normal</key>
        <styleUrl>#icon-1899-DB4436-nodesc-normal</styleUrl>
      </Pair>
      <Pair>
        <key>highlight</key>
        <styleUrl>#icon-1899-DB4436-nodesc-highlight</styleUrl>
      </Pair>
    </StyleMap>
    <Style id="line-1267FF-5000-nodesc-normal">
      <LineStyle>
        <color>ffff6712</color>
        <width>5</width>
      </LineStyle>
      <BalloonStyle>
        <text><![CDATA[<h3>$[name]</h3>]]></text>
      </BalloonStyle>
    </Style>
    <Style id="line-1267FF-5000-nodesc-highlight">
      <LineStyle>
        <color>ffff6712</color>
        <width>7.5</width>
      </LineStyle>
      <BalloonStyle>
        <text><![CDATA[<h3>$[name]</h3>]]></text>
      </BalloonStyle>
    </Style>
    <StyleMap id="line-1267FF-5000-nodesc">
      <Pair>
        <key>normal</key>
        <styleUrl>#line-1267FF-5000-nodesc-normal</styleUrl>
      </Pair>
      <Pair>
        <key>highlight</key>
        <styleUrl>#line-1267FF-5000-nodesc-highlight</styleUrl>
      </Pair>
    </StyleMap>
    <Placemark>
      <name>Directions from Siglap Link, Victoria School, Singapore to Siglap Link, Victoria School, Singapore</name>
      <styleUrl>#line-1267FF-5000-nodesc</styleUrl>
      <LineString>
        <tessellate>1</tessellate>
        <coordinates>
          103.92825,1.30874,0
          103.92825,1.30871,0
          103.92827,1.30866,0
          103.92828,1.30863,0
          103.92831,1.30861,0
          103.92834,1.3086,0
          103.92839,1.30861,0
          103.92847,1.30863,0
          103.92849,1.30859,0
          103.92853,1.30854,0
          103.92856,1.3085,0
          103.9286,1.30847,0
          103.92865,1.30845,0
          103.92873,1.30845,0
          103.92888,1.30847,0
          103.92894,1.30848,0
          103.92901,1.30849,0
          103.92904,1.30841,0
          103.92907,1.30828,0
          103.92911,1.30818,0
          103.92917,1.30808,0
          103.92922,1.30802,0
          103.92928,1.30797,0
          103.92933,1.30794,0
          103.9294,1.3079,0
          103.92969,1.30793,0
          103.92974,1.30794,0
          103.92975,1.30794,0
          103.92986,1.30795,0
          103.92993,1.30798,0
          103.92996,1.30799,0
          103.93011,1.30801,0
          103.93012,1.30801,0
          103.9303,1.30806,0
          103.93046,1.3081,0
          103.93064,1.30815,0
          103.93082,1.30819,0
          103.93099,1.30824,0
          103.93104,1.30809,0
          103.93107,1.308,0
          103.93116,1.30776,0
          103.9311,1.30773,0
          103.93111,1.30769,0
          103.9311,1.30763,0
          103.9311,1.30757,0
          103.93111,1.30751,0
          103.93112,1.30745,0
          103.93115,1.30734,0
          103.9312,1.30724,0
          103.93123,1.30717,0
          103.93129,1.30704,0
          103.93133,1.30698,0
          103.93142,1.30689,0
          103.93145,1.30686,0
          103.93139,1.30679,0
          103.93134,1.30673,0
          103.9313,1.30667,0
          103.93121,1.30656,0
          103.93115,1.30647,0
          103.93115,1.30638,0
          103.93117,1.30634,0
          103.93118,1.30631,0
          103.9312,1.30626,0
          103.93128,1.30608,0
          103.93133,1.30598,0
          103.9314,1.30584,0
          103.93142,1.30578,0
          103.93148,1.30565,0
          103.93151,1.30565,0
          103.93154,1.30565,0
          103.93155,1.30566,0
          103.93157,1.30567,0
          103.93159,1.3057,0
          103.9316,1.30574,0
          103.93163,1.30578,0
          103.93168,1.30583,0
          103.9317,1.30582,0
          103.93173,1.30582,0
          103.93171,1.30576,0
          103.93174,1.30578,0
          103.93175,1.30578,0
          103.93176,1.30579,0
          103.93177,1.30578,0
          103.93179,1.30578,0
          103.93181,1.30578,0
          103.93182,1.30577,0
          103.93183,1.30576,0
          103.93184,1.30576,0
          103.93184,1.30575,0
          103.93184,1.30574,0
          103.93184,1.30573,0
          103.93184,1.3057,0
          103.93182,1.30566,0
          103.93181,1.30564,0
          103.9318,1.30563,0
          103.93179,1.30561,0
          103.93176,1.30559,0
          103.93175,1.30559,0
          103.93173,1.30558,0
          103.93171,1.30557,0
          103.93173,1.30558,0
          103.93175,1.30559,0
          103.93176,1.30559,0
          103.93179,1.30561,0
          103.9318,1.30563,0
          103.93181,1.30564,0
          103.93182,1.30566,0
          103.93193,1.30562,0
          103.93194,1.30564,0
          103.93198,1.30567,0
          103.93203,1.30568,0
          103.93208,1.30567,0
          103.93215,1.30564,0
          103.93225,1.3056,0
          103.93243,1.30553,0
          103.93254,1.3055,0
          103.9328,1.30545,0
          103.93297,1.30546,0
          103.93304,1.30547,0
          103.93318,1.30549,0
          103.93335,1.30554,0
          103.93336,1.30554,0
          103.93352,1.3056,0
          103.93373,1.30573,0
          103.93383,1.30579,0
          103.93386,1.30581,0
          103.93395,1.30587,0
          103.93411,1.30604,0
          103.93424,1.30619,0
          103.93435,1.30639,0
          103.93434,1.30665,0
          103.93428,1.30688,0
          103.9342,1.30702,0
          103.93416,1.30704,0
          103.93407,1.3071,0
          103.93402,1.30714,0
          103.93395,1.30718,0
          103.93378,1.30726,0
          103.93358,1.30733,0
          103.93353,1.30734,0
          103.93335,1.30739,0
          103.93299,1.3074,0
          103.9327,1.30738,0
          103.93249,1.30735,0
          103.9323,1.30732,0
          103.93207,1.30726,0
          103.93196,1.30722,0
          103.93188,1.30719,0
          103.93177,1.30714,0
          103.93169,1.30727,0
          103.93167,1.30731,0
          103.93166,1.30734,0
          103.93162,1.3074,0
          103.93155,1.30749,0
          103.93148,1.30759,0
          103.93145,1.30761,0
          103.93138,1.30769,0
          103.93134,1.30772,0
          103.93132,1.30772,0
          103.9313,1.30775,0
          103.93127,1.30778,0
          103.93116,1.30776,0
          103.93107,1.308,0
          103.93104,1.30809,0
          103.93099,1.30824,0
          103.93082,1.30819,0
          103.93064,1.30815,0
          103.93046,1.3081,0
          103.9303,1.30806,0
          103.93012,1.30801,0
          103.93011,1.30801,0
          103.92996,1.30799,0
          103.92993,1.30798,0
          103.92986,1.30795,0
          103.92975,1.30794,0
          103.92974,1.30794,0
          103.92969,1.30793,0
          103.9294,1.3079,0
          103.92933,1.30794,0
          103.92928,1.30797,0
          103.92922,1.30802,0
          103.92917,1.30808,0
          103.92911,1.30818,0
          103.92907,1.30828,0
          103.92904,1.30841,0
          103.92901,1.30849,0
          103.92894,1.30848,0
          103.92888,1.30847,0
          103.92873,1.30845,0
          103.92865,1.30845,0
          103.9286,1.30847,0
          103.92856,1.3085,0
          103.92853,1.30854,0
          103.92849,1.30859,0
          103.92847,1.30863,0
          103.92839,1.30861,0
          103.92834,1.3086,0
          103.92831,1.30861,0
          103.92828,1.30863,0
          103.92827,1.30866,0
          103.92825,1.30871,0
          103.92825,1.30874,0
        </coordinates>
      </LineString>
    </Placemark>
    <Placemark>
      <name>Siglap Link, Victoria School, Singapore</name>
      <styleUrl>#icon-1899-DB4436-nodesc</styleUrl>
      <Point>
        <coordinates>
          103.9282492,1.308745,0
        </coordinates>
      </Point>
    </Placemark>
    <Placemark>
      <name>East Coast Parkway, SWP (Singapore Wake Park), Singapore</name>
      <styleUrl>#icon-1899-DB4436-nodesc</styleUrl>
      <Point>
        <coordinates>
          103.9317126,1.3055747,0
        </coordinates>
      </Point>
    </Placemark>
    <Placemark>
      <name>Siglap Link, Victoria School, Singapore</name>
      <styleUrl>#icon-1899-DB4436-nodesc</styleUrl>
      <Point>
        <coordinates>
          103.9282492,1.308745,0
        </coordinates>
      </Point>
    </Placemark>
  </Document>
</kml>
