<?xml version="1.0" encoding="UTF-8"?>
<kml xmlns="http://www.opengis.net/kml/2.2">
  <Document>
    <name>Queenstown</name>
    <Style id="icon-1899-DB4436-nodesc-normal">
      <IconStyle>
        <color>ff3644db</color>
        <scale>1</scale>
        <Icon>
          <href>https://www.gstatic.com/mapspro/images/stock/503-wht-blank_maps.png</href>
        </Icon>
        <hotSpot x="32" xunits="pixels" y="64" yunits="insetPixels"/>
      </IconStyle>
      <LabelStyle>
        <scale>0</scale>
      </LabelStyle>
      <BalloonStyle>
        <text><![CDATA[<h3>$[name]</h3>]]></text>
      </BalloonStyle>
    </Style>
    <Style id="icon-1899-DB4436-nodesc-highlight">
      <IconStyle>
        <color>ff3644db</color>
        <scale>1</scale>
        <Icon>
          <href>https://www.gstatic.com/mapspro/images/stock/503-wht-blank_maps.png</href>
        </Icon>
        <hotSpot x="32" xunits="pixels" y="64" yunits="insetPixels"/>
      </IconStyle>
      <LabelStyle>
        <scale>1</scale>
      </LabelStyle>
      <BalloonStyle>
        <text><![CDATA[<h3>$[name]</h3>]]></text>
      </BalloonStyle>
    </Style>
    <StyleMap id="icon-1899-DB4436-nodesc">
      <Pair>
        <key>normal</key>
        <styleUrl>#icon-1899-DB4436-nodesc-normal</styleUrl>
      </Pair>
      <Pair>
        <key>highlight</key>
        <styleUrl>#icon-1899-DB4436-nodesc-highlight</styleUrl>
      </Pair>
    </StyleMap>
    <Style id="line-1267FF-5000-nodesc-normal">
      <LineStyle>
        <color>ffff6712</color>
        <width>5</width>
      </LineStyle>
      <BalloonStyle>
        <text><![CDATA[<h3>$[name]</h3>]]></text>
      </BalloonStyle>
    </Style>
    <Style id="line-1267FF-5000-nodesc-highlight">
      <LineStyle>
        <color>ffff6712</color>
        <width>7.5</width>
      </LineStyle>
      <BalloonStyle>
        <text><![CDATA[<h3>$[name]</h3>]]></text>
      </BalloonStyle>
    </Style>
    <StyleMap id="line-1267FF-5000-nodesc">
      <Pair>
        <key>normal</key>
        <styleUrl>#line-1267FF-5000-nodesc-normal</styleUrl>
      </Pair>
      <Pair>
        <key>highlight</key>
        <styleUrl>#line-1267FF-5000-nodesc-highlight</styleUrl>
      </Pair>
    </StyleMap>
    <Placemark>
      <name>Queenstown</name>
      <styleUrl>#line-1267FF-5000-nodesc</styleUrl>
      <LineString>
        <tessellate>1</tessellate>
        <coordinates>
          103.7819,1.28304,0
          103.78147,1.28347,0
          103.78133,1.28366,0
          103.78149,1.28361,0
          103.78152,1.28367,0
          103.78152,1.28369,0
          103.78139,1.28387,0
          103.78135,1.28401,0
          103.78139,1.28476,0
          103.78142,1.28484,0
          103.78155,1.28499,0
          103.78171,1.28509,0
          103.78218,1.2853,0
          103.7823,1.28532,0
          103.78255,1.2853,0
          103.78265,1.28524,0
          103.78275,1.28522,0
          103.78275,1.28515,0
          103.78276,1.28515,0
          103.78276,1.28513,0
          103.78277,1.28513,0
          103.78277,1.28512,0
          103.78278,1.28512,0
          103.78278,1.28511,0
          103.78279,1.28511,0
          103.7828,1.2851,0
          103.78288,1.2851,0
          103.78291,1.28513,0
          103.78291,1.28514,0
          103.78292,1.28514,0
          103.78292,1.28516,0
          103.78293,1.28517,0
          103.78293,1.2852,0
          103.78292,1.28521,0
          103.78292,1.28522,0
          103.78291,1.28523,0
          103.78291,1.28524,0
          103.78289,1.28526,0
          103.78288,1.28526,0
          103.78288,1.28527,0
          103.78286,1.28527,0
          103.78285,1.28528,0
          103.78283,1.28528,0
          103.78281,1.28527,0
          103.78279,1.28527,0
          103.78279,1.28526,0
          103.78278,1.28526,0
          103.78278,1.28525,0
          103.78277,1.28525,0
          103.78277,1.28524,0
          103.78276,1.28524,0
          103.78276,1.28523,0
          103.78275,1.28522,0
          103.78265,1.28524,0
          103.78255,1.2853,0
          103.7823,1.28532,0
          103.78218,1.2853,0
          103.78171,1.28509,0
          103.78155,1.28499,0
          103.78148,1.28492,0
          103.78157,1.28465,0
          103.78156,1.28462,0
          103.78159,1.28446,0
          103.78174,1.28417,0
          103.78175,1.28417,0
          103.78175,1.28416,0
          103.78182,1.28417,0
          103.78185,1.28419,0
          103.78187,1.28419,0
          103.78192,1.28422,0
          103.78194,1.28422,0
          103.78194,1.28423,0
          103.78195,1.28423,0
          103.78195,1.28425,0
          103.78176,1.28451,0
          103.78161,1.28464,0
          103.78157,1.28465,0
          103.78148,1.28492,0
          103.78142,1.28484,0
          103.78139,1.28476,0
          103.78135,1.28401,0
          103.78139,1.28387,0
          103.78152,1.28369,0
          103.78152,1.28367,0
          103.7815,1.28362,0
          103.78148,1.28361,0
          103.78133,1.28366,0
          103.78147,1.28347,0
          103.78191,1.28303,0
          103.78214,1.28289,0
          103.78225,1.28277,0
          103.78262,1.28248,0
          103.78269,1.28238,0
          103.78349,1.28186,0
          103.78368,1.28184,0
          103.78406,1.28157,0
          103.78415,1.28147,0
          103.7848,1.28106,0
          103.78488,1.28098,0
          103.78501,1.28089,0
          103.7852,1.28068,0
          103.78533,1.28041,0
          103.78533,1.28032,0
          103.78553,1.27977,0
          103.78555,1.27976,0
          103.78559,1.27969,0
          103.78596,1.28022,0
          103.78638,1.27988,0
          103.78636,1.27981,0
          103.78644,1.27978,0
          103.78673,1.28053,0
          103.78702,1.28112,0
          103.78722,1.28178,0
          103.78728,1.28191,0
          103.78754,1.2822,0
          103.78778,1.28241,0
          103.78784,1.28249,0
          103.7879,1.28265,0
          103.78791,1.28284,0
          103.78789,1.2829,0
          103.7879,1.28298,0
          103.78789,1.28316,0
          103.78784,1.28341,0
          103.7876,1.28385,0
          103.78735,1.28444,0
          103.78731,1.2845,0
          103.78734,1.28451,0
          103.78711,1.28484,0
          103.78741,1.28505,0
          103.78758,1.28512,0
          103.7877,1.2853,0
          103.7877,1.28533,0
          103.78752,1.28557,0
          103.7874,1.28588,0
          103.78742,1.28589,0
          103.78766,1.2858,0
          103.78807,1.28532,0
          103.78811,1.28529,0
          103.78811,1.28528,0
          103.78831,1.28529,0
          103.78832,1.2853,0
          103.78832,1.28531,0
          103.78831,1.28532,0
          103.78813,1.28571,0
          103.78794,1.28602,0
          103.78805,1.28611,0
          103.78814,1.28614,0
          103.78816,1.28614,0
          103.78822,1.28621,0
          103.78841,1.28625,0
          103.78846,1.28628,0
          103.78842,1.28634,0
          103.78844,1.28638,0
          103.78846,1.28639,0
          103.78848,1.28642,0
          103.78851,1.28642,0
          103.78853,1.28643,0
          103.78855,1.28643,0
          103.78856,1.28642,0
          103.78858,1.28642,0
          103.78872,1.28636,0
          103.78874,1.28634,0
          103.7888,1.28639,0
          103.78899,1.28648,0
          103.78952,1.28661,0
          103.78955,1.28661,0
          103.78977,1.28667,0
          103.78982,1.28665,0
          103.78993,1.28665,0
          103.7901,1.28671,0
          103.79026,1.28673,0
          103.79042,1.28679,0
          103.79043,1.2868,0
          103.79044,1.2868,0
          103.79044,1.28681,0
          103.79046,1.28683,0
          103.79047,1.28683,0
          103.79048,1.28684,0
          103.79048,1.28685,0
          103.79045,1.28689,0
          103.79044,1.28692,0
          103.79044,1.28699,0
          103.79043,1.28702,0
          103.79042,1.28703,0
          103.79042,1.28706,0
          103.79031,1.28719,0
          103.7903,1.2873,0
          103.79021,1.28736,0
          103.79014,1.28743,0
          103.79005,1.2876,0
          103.79005,1.28768,0
          103.78999,1.28788,0
          103.78998,1.28796,0
          103.78994,1.28802,0
          103.79054,1.28799,0
          103.79089,1.28801,0
          103.79105,1.28805,0
          103.79116,1.2881,0
          103.79146,1.28831,0
          103.79157,1.28846,0
          103.79161,1.28854,0
          103.7916,1.28855,0
          103.7916,1.28856,0
          103.79159,1.28857,0
          103.79159,1.28858,0
          103.79158,1.2886,0
          103.79158,1.28862,0
          103.79157,1.28864,0
          103.79157,1.28866,0
          103.79156,1.28868,0
          103.79156,1.2887,0
          103.79157,1.28871,0
          103.79157,1.28874,0
          103.79159,1.28876,0
          103.79159,1.28877,0
          103.7916,1.28878,0
          103.79162,1.28878,0
          103.79163,1.28879,0
          103.79167,1.28879,0
          103.79169,1.2888,0
          103.7917,1.2888,0
          103.79172,1.28881,0
          103.79173,1.28881,0
          103.79174,1.28882,0
          103.79175,1.28882,0
          103.79176,1.28883,0
          103.79177,1.28883,0
          103.79177,1.28885,0
          103.79184,1.28883,0
          103.7919,1.28884,0
          103.79194,1.28886,0
          103.79205,1.28906,0
          103.79205,1.2891,0
          103.79203,1.28915,0
          103.79161,1.28946,0
          103.79164,1.28946,0
          103.79165,1.28945,0
          103.79167,1.28945,0
          103.79178,1.28938,0
          103.79179,1.28938,0
          103.79186,1.28944,0
          103.79186,1.28945,0
          103.79187,1.28945,0
          103.79186,1.28945,0
          103.79169,1.28961,0
          103.79169,1.28963,0
          103.79154,1.28976,0
          103.79177,1.29004,0
          103.79178,1.29004,0
          103.79178,1.29005,0
          103.79179,1.29005,0
          103.792,1.2903,0
          103.79218,1.29016,0
          103.79219,1.29016,0
          103.7922,1.29017,0
          103.79221,1.29017,0
          103.79222,1.29018,0
          103.79223,1.29021,0
          103.79184,1.29043,0
          103.79176,1.29046,0
          103.79178,1.29049,0
          103.79177,1.2905,0
          103.79162,1.29056,0
          103.79156,1.2906,0
          103.79155,1.2906,0
          103.79155,1.29063,0
          103.79156,1.29066,0
          103.79211,1.29152,0
          103.79207,1.29155,0
          103.79215,1.29167,0
          103.79219,1.2917,0
          103.79253,1.2921,0
          103.7926,1.29216,0
          103.79265,1.2923,0
          103.79302,1.29271,0
          103.79302,1.29276,0
          103.79301,1.29278,0
          103.79308,1.29278,0
          103.79309,1.29277,0
          103.79309,1.29272,0
          103.79313,1.29278,0
          103.79312,1.29279,0
          103.79327,1.29295,0
          103.79319,1.29302,0
          103.79314,1.29316,0
          103.79255,1.29366,0
          103.79254,1.29366,0
          103.79248,1.29371,0
          103.79248,1.29374,0
          103.79263,1.29392,0
          103.79289,1.29433,0
          103.79289,1.29434,0
          103.7929,1.29435,0
          103.7929,1.29437,0
          103.79285,1.29451,0
          103.79285,1.29453,0
          103.79286,1.29454,0
          103.79286,1.29455,0
          103.79296,1.29477,0
          103.7931,1.295,0
          103.79324,1.29513,0
          103.79329,1.29516,0
          103.79315,1.29525,0
          103.79323,1.29537,0
          103.79309,1.29535,0
          103.79292,1.29539,0
          103.79283,1.29545,0
          103.7928,1.29549,0
          103.79277,1.29558,0
          103.79277,1.29567,0
          103.79278,1.29569,0
          103.79278,1.29572,0
          103.79279,1.29575,0
          103.79287,1.29587,0
          103.79296,1.29592,0
          103.79305,1.29594,0
          103.79311,1.29602,0
          103.79326,1.29595,0
          103.79354,1.29588,0
          103.79355,1.29599,0
          103.79366,1.29598,0
          103.79384,1.29606,0
          103.79385,1.29603,0
          103.79391,1.29605,0
          103.79389,1.29607,0
          103.7941,1.29619,0
          103.79438,1.29605,0
          103.79492,1.29572,0
          103.79503,1.29568,0
          103.79582,1.29561,0
          103.79611,1.29551,0
          103.79614,1.29556,0
          103.79647,1.29572,0
          103.79641,1.2959,0
          103.79666,1.29601,0
          103.79667,1.29603,0
          103.79667,1.29606,0
          103.79668,1.29607,0
          103.79672,1.29606,0
          103.79679,1.29606,0
          103.79689,1.2961,0
          103.79706,1.29624,0
          103.7971,1.29638,0
          103.79713,1.29642,0
          103.79735,1.29661,0
          103.79754,1.29638,0
          103.79769,1.29642,0
          103.79761,1.29654,0
          103.79758,1.29656,0
          103.7976,1.29659,0
          103.79761,1.29663,0
          103.7976,1.29665,0
          103.79757,1.29668,0
          103.79756,1.29668,0
          103.79754,1.29669,0
          103.79752,1.29669,0
          103.79751,1.2967,0
          103.79749,1.29667,0
          103.79748,1.29661,0
          103.7975,1.29658,0
          103.79751,1.29658,0
          103.79752,1.29657,0
          103.79754,1.29658,0
          103.79756,1.29658,0
          103.79761,1.29654,0
          103.79776,1.29632,0
          103.79797,1.2961,0
          103.79785,1.29604,0
          103.79818,1.29573,0
          103.79822,1.29576,0
          103.79828,1.29585,0
          103.79836,1.29604,0
          103.79888,1.29585,0
          103.79898,1.29589,0
          103.79929,1.29576,0
          103.79931,1.29576,0
          103.79936,1.29589,0
          103.79935,1.29589,0
          103.79936,1.2959,0
          103.79936,1.29591,0
          103.79937,1.29592,0
          103.79937,1.29593,0
          103.79938,1.29594,0
          103.79938,1.296,0
          103.79971,1.29586,0
          103.79971,1.29588,0
          103.79975,1.29597,0
          103.79975,1.29598,0
          103.79974,1.29598,0
          103.79973,1.29596,0
          103.79973,1.29595,0
          103.79972,1.29595,0
          103.79974,1.29595,0
          103.80001,1.29651,0
          103.80009,1.29663,0
          103.80032,1.29714,0
          103.80033,1.29725,0
          103.80051,1.29775,0
          103.80068,1.29853,0
          103.80077,1.29865,0
          103.80098,1.29958,0
          103.80101,1.29961,0
          103.80104,1.29962,0
          103.80102,1.29971,0
          103.80094,1.29968,0
          103.80098,1.29983,0
          103.80102,1.29979,0
          103.80103,1.2998,0
          103.80105,1.29992,0
          103.801,1.29996,0
          103.80104,1.30018,0
          103.80107,1.30016,0
          103.8011,1.30026,0
          103.80112,1.30024,0
          103.80112,1.30027,0
          103.80111,1.3003,0
          103.80122,1.30033,0
          103.8012,1.30051,0
          103.8014,1.3014,0
          103.80134,1.30148,0
          103.80134,1.30152,0
          103.80142,1.30158,0
          103.80146,1.30178,0
          103.80145,1.30192,0
          103.8015,1.30217,0
          103.80157,1.3023,0
          103.80164,1.30262,0
          103.80163,1.3027,0
          103.80166,1.30279,0
          103.80178,1.3044,0
          103.80188,1.30441,0
          103.80191,1.30443,0
          103.80192,1.30445,0
          103.80194,1.30461,0
          103.80227,1.30459,0
          103.80227,1.30474,0
          103.80225,1.30477,0
          103.80224,1.30477,0
          103.80222,1.30478,0
          103.80214,1.30479,0
          103.8021,1.30476,0
          103.80207,1.3046,0
          103.80194,1.30461,0
          103.80192,1.30445,0
          103.80191,1.30443,0
          103.80188,1.30441,0
          103.8018,1.3044,0
          103.80178,1.30441,0
          103.80176,1.30441,0
          103.80181,1.30519,0
          103.80184,1.30534,0
          103.80194,1.30534,0
          103.80196,1.30538,0
          103.80152,1.30548,0
          103.80146,1.30548,0
          103.80146,1.30547,0
          103.80145,1.30547,0
          103.80145,1.30546,0
          103.80144,1.30546,0
          103.80144,1.30544,0
          103.80145,1.30544,0
          103.80147,1.30542,0
          103.80151,1.3054,0
          103.80145,1.3052,0
          103.80127,1.30525,0
          103.80084,1.3052,0
          103.80081,1.30521,0
          103.80079,1.30519,0
          103.80078,1.30516,0
          103.80078,1.30512,0
          103.8008,1.30505,0
          103.80098,1.30475,0
          103.80094,1.30475,0
          103.80087,1.30471,0
          103.80084,1.30463,0
          103.80084,1.30459,0
          103.80086,1.30455,0
          103.80089,1.30452,0
          103.8009,1.30452,0
          103.80089,1.30448,0
          103.80093,1.30398,0
          103.80081,1.3038,0
          103.80049,1.30347,0
          103.80007,1.30329,0
          103.79973,1.30324,0
          103.79957,1.30324,0
          103.79943,1.30329,0
          103.7993,1.30337,0
          103.79913,1.30354,0
          103.79908,1.30349,0
          103.79899,1.30333,0
          103.79896,1.3033,0
          103.79895,1.30328,0
          103.79868,1.30304,0
          103.79866,1.30301,0
          103.79855,1.30291,0
          103.79825,1.30274,0
          103.79795,1.30302,0
          103.79798,1.30304,0
          103.79804,1.30304,0
          103.79807,1.30303,0
          103.79819,1.30292,0
          103.79787,1.30255,0
          103.79801,1.30241,0
          103.79807,1.30238,0
          103.79809,1.30238,0
        </coordinates>
      </LineString>
    </Placemark>
    <Placemark>
      <name>Pasir Panjang Road, Haw Par Villa MRT Station (CC25), Singapore</name>
      <styleUrl>#icon-1899-DB4436-nodesc</styleUrl>
      <Point>
        <coordinates>
          103.7819005,1.2830424,0
        </coordinates>
      </Point>
    </Placemark>
    <Placemark>
      <name>Commonwealth Avenue, Commonwealth MRT Station (EW20), Singapore</name>
      <styleUrl>#icon-1899-DB4436-nodesc</styleUrl>
      <Point>
        <coordinates>
          103.7981171,1.3023596,0
        </coordinates>
      </Point>
    </Placemark>
  </Document>
</kml>
